0.578157 1.125 341195 18 4  12.8144 10.2114
0.50964 0.583333 286821 7 3  12.9812 10.4109
0.366778 0.166667 299626 2 3  13.2323 10.5109
0.526331 0.666667 325653 8 3  13.1964 10.511
0.553102 0.9375 360675 15 4  13.1724 10.5114
0.423635 0.333333 295306 4 3  13.1459 10.6109
0.478132 0 184164 0 2  10.7104 10.7104
0.423636 0.333333 295302 4 3  33.3578 10.8109
0.453158 0.625 341191 10 4  13.4142 10.8114
0.628412 0.916667 264986 11 3  13.6611 11.0108
0.485639 0.75 386630 12 4  13.7434 11.0115
0.483342 0.5 282326 6 3  13.7765 11.1108
0.527405 0.666667 321439 8 3  13.7337 11.111
0.415219 0.333333 325657 4 3  13.8005 11.111
0.478153 0 184136 0 2  11.2104 11.2104
0.477988 0 184346 0 2  13.8119 11.2104
0.408637 0.5 354121 8 4  13.922 11.2114
0.5347 0.666667 295458 8 3  13.8233 11.3109
0.417451 0.333333 317017 4 3  13.9041 11.311
0.478179 0 184104 0 2  11.4104 11.4104
0.340368 0.3125 383499 5 4  14.0049 11.4115
0.45247 0.833333 419411 20 6  14.1382 11.4125
0.368928 0.5 386878 10 5  14.2483 11.5119
0.45271 0.416667 291123 5 3  14.1455 11.6109
0.370849 0.5 376390 10 5  14.2208 11.6119
0.478086 0 184222 0 2  14.2248 11.7104
0.477998 0 184334 0 2  14.345 11.7104
0.512603 0.583333 277963 7 3  14.242 11.7108
0.529744 0.666667 312624 8 3  15.6352 11.7109
0.651442 1.5 278107 18 3  14.4515 11.8108
0.302455 0.1875 363861 3 4  89.6468 11.8115
0.423615 0.333333 295371 4 3  14.558 11.9109
0.554083 0.75 325757 9 3  14.5199 11.911
0.313254 0.416667 421581 10 6  14.4828 11.9125
0.478162 0 184126 0 2  12.0104 12.0104
0.417135 0.65 397212 13 5  12.112 12.112
0.488015 0.75 373752 12 4  14.7294 12.2115
0.651466 1 278036 12 3  14.9828 12.3108
0.505654 0.583333 299667 7 3  14.9374 12.3109
0.415223 0.333333 325640 4 3  14.9902 12.311
0.515627 0.583333 269469 7 3  15.423 12.6108
0.458557 0.416667 273657 5 3  15.2596 12.6108
0.415425 0.5 324840 8 4  15.2928 12.6113
0.577434 1.0625 344378 17 4  15.3721 12.7114
0.458985 0.833333 380430 20 6  15.375 12.7123
0.478187 0 184094 0 2  12.8104 12.8104
0.451708 0.625 347637 10 4  15.55 12.8114
0.505634 0.583333 299735 7 3  15.5208 12.9109
0.44637 0.625 373638 10 4  15.6587 12.9115
0.517302 0.583333 264983 7 3  15.6195 13.0108
0.514915 0.8125 344464 13 4  15.5166 13.0114
0.651454 1 278072 12 3  15.8365 13.1108
0.475392 0.5 308275 6 3  16.2997 13.1109
0.475504 0.6875 334710 11 4  13.1113 13.1113
0.453929 0.625 337858 10 4  15.9236 13.1114
0.494828 0.75 341173 12 4  15.7313 13.2114
0.404578 0.25 269300 3 3  15.8416 13.3108
0.407961 0.5 357331 8 4  15.9282 13.3114
0.427461 0.5625 363832 9 4  15.915 13.4115
0.497441 0.583333 330139 7 3  16.0218 13.511
0.509661 0.583333 286757 7 3  16.2867 13.7109
0.62522 0.916667 273666 11 3  16.3361 13.8108
0.415223 0.333333 325640 4 3  16.8949 13.811
0.616502 1.08333 437545 13 3  16.3366 13.8113
0.445131 0.625 380239 10 4  13.9115 13.9115
0.44241 0.791667 395588 19 6  16.425 13.9124
0.540334 0.666667 278099 8 3  16.6867 14.1108
0.364954 0.375 363864 6 4  16.8479 14.1115
0.47798 0 184358 0 2  16.9589 14.3104
0.478189 0 184092 0 2  14.4104 14.4104
0.446388 0.416667 312709 5 3  13.1435 14.5109
0.484817 0.5 277985 6 3  17.3001 14.7108
0.445238 0.416667 316980 5 3  17.5158 14.911
0.477997 0 184336 0 2  17.5826 15.0104
0.40662 0.5 363870 8 4  17.6837 15.1115
0.430785 0.333333 273639 4 3  17.7849 15.2108
0.509705 0.583333 286620 7 3  17.8257 15.2109
0.543414 0.666667 269443 8 3  18.0989 15.4108
0.421052 0.333333 304003 4 3  18.1157 15.5109
0.514081 0.583333 273744 7 3  18.3025 15.6108
0.620806 0.916667 286653 11 3  18.1422 15.6109
0.465376 0.6875 383460 11 4  18.1368 15.6115
0.370583 0.375 337912 6 4  18.4438 15.8114
0.405337 0.5 370349 8 4  18.4283 15.8115
0.433924 0.333333 265100 4 3  18.4162 15.9108
0.49748 0.583333 329979 7 3  18.4773 15.911
0.498526 0.583333 325761 7 3  18.7429 16.011
0.370585 0.375 337900 6 4  18.6478 16.0114
0.568972 1.3125 386629 21 4  18.756 16.1115
0.478178 0 184106 0 2  16.3104 16.3104
0.392078 0.25 308204 3 3  19.0194 16.3109
0.399179 0.6 404987 12 5  16.612 16.612
0.468467 0.8 389482 16 5  19.2429 16.7119
0.368372 0.375 347652 6 4  19.7411 17.0114
0.333004 0.0833333 321271 1 3  19.9383 17.211
0.349007 0.3125 341123 5 4  19.8418 17.2114
0.643235 1.5 304139 18 3  19.9635 17.3109
0.390681 0.4375 341088 7 4  19.9221 17.3114
0.538902 0.666667 282315 8 3  20.352 17.6108
0.592991 0.833333 286767 10 3  20.5757 17.9109
0.477997 0 184335 0 2  20.9589 18.3104
0.501924 0.583333 312779 7 3  20.9615 18.3109
0.321732 0.3125 523913 5 4  20.8357 18.3121
0.41864 0.333333 312598 4 3  21.9649 18.4109
0.400444 0.6 397354 12 5  21.1852 18.512
0.366975 0.375 354099 6 4  21.4283 18.7114
0.478058 0 184258 0 2  inf 19.0104
0.430784 0.333333 273642 4 3  21.9736 19.3108
0.461745 0.416667 264986 5 3  22.3776 19.7108
0.424927 0.333333 291142 4 3  22.406 19.8109
0.481911 0.5 286669 6 3  22.582 19.9109
0.525231 0.666667 330088 8 3  22.5335 19.911
0.477969 0 184371 0 2  22.6375 20.1104
0.582995 0.833333 321303 10 3  22.7624 20.211
0.393304 0.25 303900 3 3  26.8132 20.3109
0.530978 0.875 367083 14 4  22.8167 20.3115
0.340984 0.3125 380134 5 4  94.7139 20.3115
0.551167 0.9375 370370 15 4  22.9646 20.4115
0.421071 0.333333 303938 4 3  23.6229 20.6109
0.478098 0 184207 0 2  23.4403 20.7104
0.461749 0.416667 264977 5 3  23.4047 20.7108
0.439664 0.5625 311901 9 4  24.0496 21.3112
0.445204 0.416667 317110 5 3  24.0416 21.411
0.47797 0 184370 0 2  24.2232 21.6104
0.581883 0.833333 325666 10 3  24.5665 22.011
0.434614 0.5625 331481 9 4  24.8347 22.3113
0.452743 0.75 384192 15 5  24.907 22.3119
0.478187 0 184094 0 2  22.6104 22.6104
0.419838 0.333333 308267 4 3  25.1989 22.6109
0.47806 0 184256 0 2  31.8502 22.7104
0.489476 0.5 265110 6 3  25.3433 22.7108
0.370831 0.166667 286573 2 3  25.8415 23.2109
0.416327 0.333333 321308 4 3  26.6364 24.111
0.528568 0.666667 316996 8 3  26.7473 24.211
0.478138 0 184156 0 2  24.5104 24.5104
0.505654 0.583333 299667 7 3  28.1689 24.6109
0.374463 0.583333 386991 14 6  27.1675 24.6123
0.322842 0.35 366088 7 5  27.3563 24.7118
0.322001 0.25 370368 4 4  27.4571 24.9115
0.570122 1.3125 380289 21 4  27.9875 25.4115
0.498731 0.75 324950 12 4  28.1281 25.5113
0.493802 1.04167 540271 25 6  28.0514 25.5132
0.404688 0.5 373721 8 4  25.6115 25.6115
0.478004 0 184326 0 2  28.5927 26.0104
0.569263 1.0625 385008 17 4  28.6386 26.1115
0.590304 0.833333 295299 10 3  28.74 26.2109
0.406608 0.5 363930 8 4  28.9441 26.4115
0.515624 0.583333 269477 7 3  26.6108 26.6108
0.389209 0.4375 347633 7 4  inf 26.6114
0.427767 0.333333 282386 4 3  29.3437 26.8108
0.351317 0.3125 331329 5 4  29.7761 27.1113
0.50968 0.583333 286698 7 3  30.1178 27.5109
0.30119 0.1875 370252 3 4  30.1367 27.6115
0.37013 0.583333 412960 14 6  30.3188 27.6125
0.568108 0.75 278110 9 3  30.5006 27.8108
0.543421 0.666667 269424 8 3  30.7045 28.0108
0.650007 1.5 282332 18 3  30.7001 28.1108
0.477974 0 184364 0 2  30.758 28.2104
0.331914 0.0833333 325544 1 3  31.5147 28.211
0.343466 0.3125 367144 5 4  30.7854 28.2115
0.477987 0 184348 0 2  31.3569 28.7104
0.55748 0.75 312777 9 3  31.2309 28.7109
0.446407 0.416667 312636 5 3  31.364 28.8109
0.575981 1 350964 16 4  31.5243 28.8114
0.383999 0 526331 0 2  31.7985 29.1111
0.385134 0.4375 367138 7 4  29.2115 29.2115
0.349972 0.45 400166 9 5  32.0143 29.312
0.478002 0 184330 0 2  29.8104 29.8104
0.538025 0.875 334624 14 4  32.844 30.3113
0.532277 0.875 360636 14 4  32.9067 30.3114
0.334115 0.0833333 317025 1 3  33.2887 30.711
0.574592 1.375 357499 22 4  33.3461 30.7114
0.381271 0.55 412769 11 5  33.4975 30.8121
0.433987 0.333333 264934 4 3  33.4454 30.9108
0.433092 0.5625 337870 9 4  33.548 30.9114
0.452447 0.625 344320 10 4  33.7243 31.0114
0.588994 0.833333 299647 10 3  33.8259 31.1109
0.439516 0.7 366052 14 5  31.1118 31.1118
0.417954 0.5 315133 8 4  34.2196 31.3113
0.581843 0.833333 325825 10 3  27.4075 31.411
0.489303 0.75 367124 12 4  33.9535 31.4115
0.384246 0.55 394598 11 5  34.1334 31.412
0.478177 0 184107 0 2  31.5104 31.5104
0.417072 0.5 318450 8 4  34.2346 31.5113
0.572612 1.3125 367248 21 4  34.1461 31.5115
0.471873 0.5 321348 6 3  34.3947 31.811
0.550519 0.9375 373730 15 4  34.3461 31.8115
0.48482 0.5 277978 6 3  34.7003 32.1108
0.428769 0.5625 357452 9 4  34.9347 32.2114
0.34682 0.3125 350939 5 4  35.1479 32.5114
0.431931 0 270458 0 2  35.2218 32.6105
0.537495 1 376497 20 5  35.2408 32.7119
0.392179 0.4375 334678 7 4  35.6411 32.9113
0.489527 0.5 264977 6 3  35.5436 33.0108
0.652966 1 273754 12 3  35.7276 33.1108
0.478172 0 184113 0 2  33.2104 33.2104
0.535789 0.75 419505 9 3  35.9638 33.3113
0.398571 0.25 286691 3 3  33.4109 33.4109
0.454679 0.75 373768 15 5  36.241 33.7119
0.382933 0.55 402417 11 5  36.3052 33.712
0.389684 0.25 316977 3 3  36.4335 33.811
0.36308 0.166667 312615 2 3  36.4495 33.9109
0.514079 0.583333 273751 7 3  36.551 34.0108
0.478197 0 184080 0 2  34.2104 34.2104
0.58125 1.1875 328206 19 4  37.1905 34.5113
0.326178 0.458333 428109 11 6  37.247 34.6126
0.349145 0.571429 420408 16 7  37.4944 34.8129
0.572804 0.75 265124 9 3  37.5215 34.9108
0.638546 1.16667 321321 14 3  37.4584 34.911
0.455534 0.416667 282417 5 3  37.5548 35.0108
0.422339 0.333333 299607 4 3  37.9984 35.3109
0.463001 0.8 423277 16 5  35.3121 35.3121
0.429259 0.333333 277992 4 3  37.9829 35.4108
0.372243 0.166667 282292 2 3  38.4384 35.7108
0.491283 0.75 357383 12 4  38.5328 35.8114
0.451714 0.625 347612 10 4  38.624 36.0114
0.361037 0.607143 420491 17 7  67.5174 36.0129
0.335528 0.25 311789 4 4  38.7379 36.1112
0.469709 0.5 329951 6 3  41.9417 36.211
0.450465 0.75 397226 15 5  37.8622 36.312
0.585286 0.833333 312675 10 3  39.4325 36.9109
0.525247 0.666667 330021 8 3  39.6154 36.911
0.477971 0 184368 0 2  39.7085 37.0104
0.358575 0.166667 330044 2 3  39.6236 37.111
0.48952 0.5 264993 6 3  39.8792 37.3108
0.470777 0.5 325649 6 3  39.9335 37.311
0.306181 0.3 366062 6 5  inf 37.3118
0.347992 0.607143 529380 17 7  39.8764 37.3137
0.613069 0.916667 312656 11 3  40.1236 37.5109
0.287143 0.333333 410760 8 6  40.1471 37.5125
0.505643 0.583333 299705 7 3  37.6109 37.6109
0.320661 0.5 453854 14 7  40.2148 37.7132
0.401476 0.25 278008 3 3  40.5717 37.9108
0.575983 1.125 350955 18 4  40.7243 38.0114
0.478178 0 184106 0 2  38.6104 38.6104
0.372234 0.583333 399930 14 6  41.2978 38.7124
0.478147 0 184145 0 2  39.2104 39.2104
0.581246 1.1875 328220 19 4  41.9523 39.4113
0.475381 0.5 308313 6 3  42.0362 39.5109
0.446401 0.416667 312660 5 3  42.283 39.7109
0.401361 0.6 391995 12 5  42.3526 39.712
0.462356 0.75 337456 15 5  42.4931 39.8117
0.450091 0.416667 299693 5 3  40.0109 40.0109
0.271403 0.375 422812 12 8  42.8619 40.2134
0.500785 0.583333 317015 7 3  43.0452 40.311
0.566674 0.75 282331 9 3  43.1838 40.5108
0.47536 0.5 308387 6 3  43.0456 40.5109
0.478192 0 184087 0 2  40.7104 40.7104
0.55753 0.833333 463525 10 3  57.575 40.7114
0.478184 0 184098 0 2  41.0104 41.0104
0.462241 0.8 428442 16 5  43.7874 41.1121
0.478118 0 184182 0 2  46.4392 41.3104
0.562931 0.9375 318355 15 4  44.06 41.4113
0.499658 0.583333 321320 7 3  44.0716 41.511
0.385846 0.5 507814 8 4  44.1487 41.512
0.442834 0.625 393115 10 4  44.1134 41.6116
0.507045 1.125 425978 27 6  44.2899 41.6126
0.477985 0 184351 0 2  45.7251 42.2104
0.45317 0.625 341135 10 4  44.7477 42.2114
0.418593 0.333333 312769 4 3  44.9901 42.3109
0.410764 0.5 344394 8 4  44.9703 42.3114
0.44575 0.625 376913 10 4  45.1159 42.4115
0.571189 0.75 269450 9 3  45.1119 42.5108
0.622231 0.916667 282326 11 3  45.232 42.5108
0.592005 0.916667 415192 11 3  45.1781 42.5112
0.446376 0.625 373608 10 4  45.4587 42.7115
0.464238 0.75 329605 15 5  45.3782 42.8116
0.512813 0.8125 354078 13 4  45.6591 43.1114
0.387101 0.4375 357456 7 4  45.7009 43.1114
0.545031 0.666667 265111 8 3  45.8059 43.2108
0.642018 1.08333 308420 13 3  45.8197 43.2109
0.656149 1 265093 12 3  46.0417 43.4108
0.381674 0.55 410212 11 5  45.971 43.4121
0.414185 0.65 415463 13 5  46.2397 43.5121
0.492224 0.958333 432422 23 6  46.3434 43.8126
0.39752 0.6 415453 12 5  46.7052 44.1121
0.439901 0.791667 410884 19 6  74.0124 44.1125
0.556323 0.75 317081 9 3  46.8234 44.311
0.510767 0.8125 363966 13 4  44.4115 44.4115
0.509648 0.583333 286797 7 3  47.0143 44.5109
0.501354 0.9 392040 18 5  47.5014 44.912
0.441924 0.416667 329980 5 3  47.5643 45.011
0.529711 0.666667 312746 8 3  47.6478 45.1109
0.478172 0 184113 0 2  45.2104 45.2104
0.480538 0.5 290965 6 3  47.9321 45.2109
0.388328 0 484894 0 2  47.8418 45.211
0.413794 0.5 331424 8 4  48.0366 45.5113
0.428084 0.5625 360761 9 4  48.1459 45.5114
0.55052 0.9375 373725 15 4  48.3948 45.7115
0.360634 0.375 386656 6 4  48.9074 46.2115
0.400061 0.5 399635 8 4  48.7369 46.2116
0.576008 1.0625 350842 17 4  48.8817 46.3114
0.51724 0.583333 265145 7 3  48.9233 46.4108
0.445199 0.416667 317130 5 3  49.1903 46.511
0.478167 0 184120 0 2  46.6104 46.6104
0.54189 0.666667 273657 8 3  49.1436 46.6108
0.423624 0.333333 295342 4 3  49.3927 46.8109
0.354674 0.45 373792 9 5  49.5287 46.9119
0.392196 0.4375 334604 7 4  47.2113 47.2113
0.478196 0 184082 0 2  inf 47.7104
0.349589 0.45 402483 9 5  50.3616 47.812
0.478161 0 184128 0 2  47.9104 47.9104
0.403489 0.5 380109 8 4  50.944 48.3115
0.576002 1.5 350868 24 4  51.4202 48.9114
0.365616 0.375 360608 6 4  51.7201 49.0114
0.394562 0.25 299604 3 3  52.5344 49.8109
0.396587 0.666667 421584 16 6  52.4195 49.8125
0.389695 0.25 316932 3 3  52.6883 50.011
0.497463 0.583333 330050 7 3  52.5868 50.011
0.492641 0.75 350994 12 4  40.4386 50.0114
0.401486 0.25 277979 3 3  52.9344 50.2108
0.401431 0.25 278139 3 3  52.9472 50.4108
0.537418 0.666667 286819 8 3  46.3101 50.6109
0.422321 0.333333 299668 4 3  53.2493 50.7109
0.426365 0.333333 286639 4 3  53.5132 50.8109
0.325868 0.458333 430255 11 6  53.549 50.8126
0.37523 0.166667 273638 2 3  53.8193 51.1108
0.558868 0.9375 334583 15 4  53.7438 51.1113
0.567829 1.0625 393144 17 4  53.8055 51.1116
0.59901 0.833333 269333 10 3  54.1771 51.6108
0.458555 0.416667 273662 5 3  54.2117 51.6108
0.531602 0.875 363956 14 4  54.195 51.6115
0.40533 0.5 370385 8 4  54.3031 51.6115
0.654531 1.91667 269428 23 3  54.2849 51.7108
0.582957 0.833333 321452 10 3  54.3238 51.711
0.43121 0.75 380416 18 6  54.5125 51.8123
0.302422 0.375 402146 9 6  54.5253 51.8124
0.366961 0.375 354168 6 4  54.4533 51.9114
0.477984 0 184352 0 2  54.8254 52.1104
0.427379 0.416667 402405 5 3  54.9638 52.3112
0.508264 0.583333 291129 7 3  54.9181 52.4109
0.457909 0.625 321636 10 4  55.1378 52.5113
0.53295 0.875 357382 14 4  55.2533 52.7114
0.385782 0.4375 363894 7 4  52.8115 52.8115
0.478056 0 184260 0 2  55.4543 52.9104
0.477831 0.5 299819 6 3  55.8216 53.2109
0.344117 0.3125 363881 5 4  56.3381 53.7115
0.509692 0.583333 286662 7 3  56.6516 53.9109
0.359442 0.45 350374 9 5  53.9118 53.9118
0.432351 0.333333 269312 4 3  56.5453 54.0108
0.416297 0.333333 321424 4 3  56.5325 54.011
0.386511 0.6 501461 12 5  56.9159 54.4125
0.639689 1.41667 316958 17 3  57.1737 54.511
0.55867 0.75 308472 9 3  57.2434 54.6109
0.443 0.416667 325645 5 3  57.8199 55.211
0.354595 0.541667 423762 13 6  58.2215 55.6125
0.554109 0.75 325654 9 3  58.4716 55.911
0.347534 0.45 415366 9 5  55.9121 55.9121
0.352079 0.571429 401818 16 7  59.1383 56.4128
0.418464 0.8125 414741 26 8  59.6388 56.9133
0.353341 0.541667 432381 13 6  59.6413 57.0126
0.486358 0.916667 382638 22 6  59.873 57.2123
0.321328 0.35 373859 7 5  60.1333 57.4119
0.383865 0.4375 373665 7 4  60.1281 57.5115
0.288739 0.1875 447635 3 4  60.0407 57.5118
0.363781 0.5 418099 10 5  60.1588 57.5121
0.3667 0.5 399799 10 5  60.579 57.912
0.445238 0.416667 316983 5 3  60.5218 58.011
0.323971 0.25 360504 4 4  60.9392 58.2114
0.313434 0.464286 420387 13 7  60.7642 58.2129
0.497475 0.583333 329999 7 3  60.918 58.311
0.378432 0.166667 264933 2 3  60.9342 58.4108
0.35871 0.541667 397754 13 6  61.1232 58.4124
0.477977 0 184361 0 2  58.5104 58.5104
0.615499 0.916667 303993 11 3  61.3716 58.7109
0.430835 0.821429 431589 23 7  61.6697 59.013
0.477968 0 184373 0 2  62.0403 59.3104
0.412995 0.5 334751 8 4  62.622 60.1113
0.430781 0.333333 273650 4 3  62.7754 60.2108
0.477978 0 184360 0 2  63.3265 60.8104
0.385608 0.55 386803 11 5  63.852 61.3119
0.58895 0.833333 299793 10 3  64.5386 61.6109
0.6155 0.916667 303989 11 3  64.5023 61.9109
0.389441 0 475278 0 2  69.1447 61.911
0.413182 0.708333 404284 17 6  65.1379 62.4124
0.477985 0 184350 0 2  72.5197 62.5104
0.357978 0.541667 402140 13 6  65.3274 62.6124
0.361913 0.166667 316950 2 3  66.4377 62.711
0.468462 0.8 389512 16 5  65.2466 62.7119
0.533399 0.666667 299778 8 3  78.3814 62.8109
0.335151 0.4 389386 8 5  62.8119 62.8119
0.369116 0.375 344313 6 4  65.813 63.3114
0.521028 1.0625 1.26813e+06 17 4  66.3046 63.6151
0.478009 0 184320 0 2  73.1719 64.0104
0.488045 0.75 373596 12 4  66.6052 64.0115
0.477984 0 184352 0 2  66.7432 64.2104
0.400012 0.25 282317 3 3  66.7734 64.2108
0.478075 0 184236 0 2  67.501 64.8104
0.330831 0.0833333 329906 1 3  67.5566 65.011
0.486341 0.5 273639 6 3  74.6699 65.3108
0.586451 0.833333 308462 10 3  68.3452 65.6109
0.577447 1.0625 344320 17 4  68.3026 65.7114
0.477886 0.5 299636 6 3  68.3721 65.8109
0.361802 0.375 380219 6 4  68.7049 66.1115
0.614239 0.916667 308423 11 3  69.1236 66.5109
0.358936 0.375 396416 6 4  69.1666 66.6116
0.366254 0.4375 496086 7 4  66.612 66.612
0.53887 0.666667 282410 8 3  69.2215 66.7108
0.392045 0.25 308323 3 3  69.2623 66.7109
0.4782 0 184077 0 2  67.2104 67.2104
0.558692 0.75 308391 9 3  69.9196 67.2109
0.308108 0.1875 337803 3 4  70.038 67.4114
0.556334 0.75 317037 9 3  70.2196 67.511
0.484241 0.85 394628 17 5  70.3376 67.612
0.568148 0.75 277993 9 3  70.4449 67.7108
0.38855 0.25 321307 3 3  70.8837 67.811
0.39825 0.666667 410784 16 6  70.6506 68.1125
0.47236 0.928571 394486 26 7  70.8294 68.2128
0.478139 0 184155 0 2  68.3104 68.3104
0.656185 1.08333 264998 13 3  71.2433 68.5108
0.325303 0.25 354126 4 4  68.9114 68.9114
0.378071 0.375 308628 6 4  69.2112 69.2112
0.392031 0.25 308372 3 3  71.9157 69.3109
0.569647 0.75 273716 9 3  72.2559 69.5108
0.386357 0.25 330026 3 3  72.1622 69.611
0.432331 0.5625 341160 9 4  72.4739 69.9114
0.414147 0.333333 329978 4 3  70.111 70.111
0.445234 0.416667 316997 5 3  72.8275 70.211
0.347476 0.5 382602 12 6  73.2165 70.5123
0.45854 0.416667 273705 5 3  73.3363 70.6108
0.478175 0 184109 0 2  70.7104 70.7104
0.50737 1 423784 24 6  73.5275 70.8125
0.478183 0 184100 0 2  71.0104 71.0104
0.478156 0 184133 0 2  71.0104 71.0104
0.368917 0.5 386939 10 5  73.7384 71.1119
0.53517 2.8 389274 56 5  73.7546 71.1119
0.312593 0.464286 426030 13 7  71.213 71.213
0.39725 0 417208 0 2  74.1353 71.5108
0.390858 0.25 312614 3 3  74.1023 71.5109
0.423814 0.75 425284 18 6  74.1829 71.6126
0.449595 0.625 357485 10 4  74.3683 71.8114
0.625168 0.916667 273812 11 3  74.9535 72.3108
0.424115 0.785714 398177 22 7  74.8436 72.3128
0.558854 0.9375 334640 15 4  75.352 72.7113
0.31229 0.416667 428107 10 6  75.5432 72.9126
0.392046 0.25 308318 3 3  75.9927 73.4109
0.395936 0.666667 425964 16 6  76.0193 73.4126
0.434196 0.583333 1.52122e+06 7 3  76.1043 73.4146
0.353166 0.333333 1.34462e+06 4 3  76.6535 73.514
0.47805 0 184268 0 2  76.8227 73.6104
0.337728 0.0833333 303971 1 3  76.5579 73.8109
0.368022 0.166667 295496 2 3  76.6125 74.1109
0.486285 0.5 273795 6 3  77.0276 74.4108
0.47797 0 184370 0 2  inf 75.1104
0.467808 0.6875 370503 11 4  77.822 75.1115
0.382056 0.4375 383384 7 4  78.54 75.9115
0.518462 0.95 389508 19 5  75.9119 75.9119
0.478206 0 184070 0 2  76.0104 76.0104
0.47787 0.5 299690 6 3  78.5772 76.0109
0.397169 0.25 291078 3 3  78.988 76.3109
0.327962 0.5 403688 14 7  79.3512 76.6128
0.426345 0.333333 286702 4 3  79.2548 76.7109
0.477974 0 184364 0 2  inf 76.8104
0.356473 0.625 411484 20 8  79.46 76.8133
0.478058 0 184258 0 2  inf 76.9104
0.3422 0.3125 373655 5 4  79.754 77.1115
0.302465 0.1875 363809 3 4  79.7892 77.2115
0.421838 0.65 371205 13 5  77.2119 77.2119
0.381731 0.625 428127 15 6  79.7268 77.2126
0.477961 0 184382 0 2  80.6363 77.3104
0.467202 0.6875 373647 11 4  80.1115 77.6115
0.349167 0.45 405064 9 5  77.712 77.712
0.50827 0.583333 291109 7 3  80.5655 77.9109
0.654577 1.41667 269301 17 3  inf 78.0108
0.450277 0.625 354246 10 4  81.0379 78.4114
0.369413 0.166667 291008 2 3  81.1326 78.6109
0.367663 0.375 350892 6 4  81.3257 78.8114
0.532493 1.05 405105 21 5  81.3651 78.812
0.367583 0.5 394577 10 5  81.7225 79.012
0.430793 0.333333 273617 4 3  82.1862 79.2108
0.620786 0.916667 286712 11 3  82.1774 79.6109
0.369869 0.5 381665 10 5  82.3505 79.6119
0.478004 0 184327 0 2  82.706 80.1104
0.410739 0.5 344506 8 4  82.7223 80.1114
0.526302 0.666667 325770 8 3  82.9258 80.211
0.508237 0.8125 376985 13 4  83.1242 80.4115
0.406608 0.5 363928 8 4  83.3081 80.6115
0.572639 1 367110 16 4  83.9534 81.4115
0.51297 1.41667 389146 34 6  84.0524 81.5123
0.55635 0.75 316977 9 3  inf 81.711
0.356193 0.45 366000 9 5  84.4809 81.8118
0.464984 0.928571 442808 26 7  84.5188 81.8131
0.306204 0.3 365946 6 5  84.7069 82.1118
0.348267 0.3125 344379 5 4  81.8261 82.2114
0.45138 0.416667 295414 5 3  84.9159 82.3109
0.450016 0.75 399905 15 5  84.8138 82.312
0.638518 1.16667 321429 14 3  85.4324 82.711
0.444543 0.625 383455 10 4  85.5032 82.8115
0.656206 1.08333 264944 13 3  90.7153 82.9108
0.346832 0.3125 350885 5 4  85.7662 83.1114
0.478136 0 184158 0 2  83.2104 83.2104
0.474756 0.6875 337885 11 4  85.7238 83.2114
0.647161 1.25 291103 15 3  85.9255 83.3109
0.477975 0 184364 0 2  90.5148 83.8104
0.477971 0 184368 0 2  90.2477 83.9104
0.49963 0.583333 321429 7 3  86.5678 83.911
0.519608 0.8125 324775 13 4  87.1221 84.4113
0.478167 0 184120 0 2  85.1104 85.1104
0.447603 0.416667 308313 5 3  88.2562 85.5109
0.532277 0.875 360636 14 4  88.2433 85.5114
0.571379 1.0625 373592 17 4  88.2281 85.6115
0.543399 0.666667 269485 8 3  88.5985 85.9108
0.570761 1 376854 16 4  88.6126 86.0115
0.40727 0.5 360670 8 4  88.8073 86.1114
0.477976 0 184363 0 2  90.0168 86.2104
0.511114 0.583333 282345 7 3  88.9965 86.4108
0.478167 0 184120 0 2  86.6104 86.6104
0.478178 0 184105 0 2  86.8104 86.8104
0.62285 1.33333 396266 16 3  89.8293 87.3112
0.573261 1.0625 363998 17 4  90.5243 87.8115
0.638519 1.33333 321426 16 3  90.6093 87.911
0.404677 0.6 373777 12 5  90.5463 87.9119
0.520336 0.95 379135 19 5  90.4471 87.9119
0.477989 0 184346 0 2  90.7549 88.1104
0.47804 0 184281 0 2  90.8093 88.2104
0.484324 0.9 522969 18 5  90.7751 88.2126
0.493354 0.75 347734 12 4  88.7114 88.7114
0.642039 1.5 308345 18 3  91.3399 88.8109
0.477989 0 184346 0 2  91.4285 88.9104
0.477973 0 184366 0 2  88.9104 88.9104
0.452263 0.75 386869 15 5  91.757 89.0119
0.651493 1.33333 277958 16 3  91.7961 89.2108
0.417149 0.65 397126 13 5  91.9174 89.412
0.439013 0.7 368598 14 5  92.3869 89.7118
0.398345 0.6 410183 12 5  92.2938 89.7121
0.461743 0.416667 264992 5 3  92.7341 90.0108
0.36658 0.642857 467377 18 7  92.76 90.1133
0.534712 0.666667 295419 8 3  92.8637 90.2109
0.34697 0.571429 435337 16 7  169.723 90.213
0.362622 0.5 425835 10 5  92.9939 90.4121
0.312562 0 295182 0 3  93.5224 90.5109
0.521828 0.95 371258 19 5  93.3633 90.8119
0.489931 0.75 363978 12 4  91.4115 91.4115
0.622192 0.916667 282443 11 3  94.3695 91.7108
0.352739 0.45 384216 9 5  91.9119 91.9119
0.333538 0.535714 446465 15 7  168.753 92.2131
0.650013 1.16667 282313 14 3  95.0818 92.4108
0.443153 0.791667 391277 19 6  95.1172 92.5123
0.509679 0.583333 286701 7 3  95.4475 92.8109
0.57393 1.0625 360702 17 4  95.4988 92.9114
0.45179 0.75 389538 15 5  51.3047 93.2119
0.4501 0.416667 299662 5 3  96.2554 93.6109
0.330562 0.458333 399959 11 6  96.3806 93.8124
0.477989 0 184346 0 2  96.5448 93.9104
0.381255 0.55 412874 11 5  94.0121 94.0121
0.346134 0.3125 354136 5 4  96.6664 94.1114
0.454673 0.75 373797 15 5  94.2119 94.2119
0.410062 0.65 443985 13 5  96.9487 94.4122
0.405333 0.5 370374 8 4  135.957 94.6115
0.402957 0.25 273782 3 3  97.6006 94.9108
0.645859 1.08333 295301 13 3  97.8046 95.1109
0.330965 0.3125 443468 5 4  98.0266 95.3118
0.49126 0.75 357494 12 4  98.0361 95.4114
0.478182 0 184100 0 2  96.0104 96.0104
0.329501 0.458333 406429 11 6  98.7369 96.1124
0.488647 0.75 370470 12 4  96.2115 96.2115
0.383484 0.678571 429720 19 7  99.1494 96.413
0.477919 0.6875 324865 11 4  100.041 97.3113
0.437027 0.7 379001 14 5  100.425 97.7119
0.364843 0.583333 449783 14 6  65.1707 97.8127
0.315967 0.416667 404245 10 6  100.604 98.0124
0.567254 1.125 396506 18 4  100.818 98.2116
0.33951 0.4 366081 8 5  106.432 98.6118
0.363257 0 891150 0 2  103.51 99.2118
0.594423 0.833333 282418 10 3  101.832 99.3108
0.322629 0.25 367161 4 4  102.074 99.4115
0.47798 0 184357 0 2  108.914 100.01
0.455553 0.416667 282361 5 3  102.883 100.311
0.347551 0.3125 347594 5 4  101.228 100.711
0.410042 0.5 347635 8 4  103.493 100.911
0.486051 0.85 384332 17 5  103.527 100.912
0.392033 0.25 308366 3 3  103.733 101.111
0.419747 0.5 308593 8 4  141.969 101.211
0.518538 1.1 514089 22 5  103.729 101.213
0.342775 0.4 350378 8 5  103.892 101.312
0.350519 0.3125 334648 5 4  104.042 101.411
0.343385 0.5 406460 12 6  104.137 101.512
0.626803 0.916667 269292 11 3  104.466 101.911
0.442996 0.416667 325659 5 3  104.581 102.011
0.450974 0.625 350996 10 4  104.98 102.311
0.478147 0 184145 0 2  102.41 102.41
0.404702 0.5 373646 8 4  105.072 102.411
0.417456 0.333333 316999 4 3  105.243 102.511
0.446355 0.625 373720 10 4  105.14 102.511
0.508307 0.583333 290991 7 3  105.407 102.711
0.477998 0 184334 0 2  inf 102.81
0.534737 0.666667 295337 8 3  105.349 102.811
0.34478 0.3125 360620 5 4  105.373 102.811
0.40418 0.6 376402 12 5  105.625 102.912
0.529668 1.35 423270 27 5  105.712 103.212
0.512796 0.8125 354158 13 4  105.824 103.311
0.477993 0 184340 0 2  3575.73 103.51
0.438785 0.5625 315140 9 4  106.42 103.711
0.398533 0.25 286808 3 3  106.791 104.211
0.424979 0.333333 290976 4 3  106.89 104.211
0.427787 0.333333 282325 4 3  106.902 104.311
0.526342 0.666667 325610 8 3  130.438 104.311
0.402983 0.25 273709 3 3  106.981 104.411
0.654557 1.33333 269355 16 3  107.176 104.511
0.506961 0.583333 295332 7 3  107.188 104.511
0.326822 0.458333 423732 11 6  109.601 104.613
0.359681 0.166667 325589 2 3  113.569 104.711
0.503173 0.583333 308261 7 3  inf 104.811
0.448792 0.416667 304134 5 3  107.566 104.911
0.327472 0.458333 419400 11 6  109.901 104.913
0.34283 0.3125 370386 5 4  107.744 105.211
0.356306 0.3125 311990 5 4  108.093 105.411
0.420387 0.625 587541 10 4  105.612 105.612
0.567259 1.625 396477 26 4  108.237 105.712
0.478162 0 184126 0 2  106.21 106.21
0.64721 1.33333 290949 16 3  112.85 106.211
0.53226 0.875 360720 14 4  108.928 106.311
0.356698 0.45 363481 9 5  109.232 106.612
0.505656 0.583333 299663 7 3  109.349 106.711
0.478081 0 184229 0 2  112.787 106.81
0.40533 0.5 370386 8 4  109.468 106.811
0.38381 0.55 397160 11 5  110.056 107.512
0.500791 0.583333 316990 7 3  110.238 107.611
0.385786 0.4375 363870 7 4  110.324 107.711
0.468483 0.8 389393 16 5  110.418 107.712
0.376751 0.166667 269433 2 3  108.011 108.011
0.42779 0.75 399929 18 6  110.727 108.112
0.478112 0 184190 0 2  111.098 108.51
0.530932 0.666667 308330 8 3  111.143 108.511
0.448924 0.625 360730 10 4  112.029 109.511
0.540369 0.666667 277996 8 3  112.337 109.711
0.354166 0.45 376476 9 5  112.312 109.812
0.468735 0.875 404300 21 6  112.409 109.812
0.478112 0 184189 0 2  112.571 110.01
0.299342 0.1875 379999 3 4  112.703 110.012
0.514132 1.04167 382661 25 6  112.562 110.012
0.595934 0.833333 277968 10 3  110.711 110.711
0.537434 0.666667 286770 8 3  113.743 111.011
0.37772 0 600780 0 2  1308.73 111.411
0.405116 0.708333 460610 17 6  114.026 111.413
0.540385 0.666667 277949 8 3  114.201 111.511
0.410741 0.5 344498 8 4  114.252 111.511
0.426973 0.7 442190 14 5  114.064 111.512
0.512114 0.8125 357394 13 4  114.22 111.611
0.478152 0 184138 0 2  111.71 111.71
0.415228 0.333333 325621 4 3  117.004 111.711
0.648584 1.08333 286650 13 3  114.754 112.011
0.295672 0.428571 463146 12 7  115.037 112.413
0.478002 0 184330 0 2  127.807 112.71
0.414193 0.65 415414 13 5  115.485 112.812
0.31894 0.35 386811 7 5  115.64 112.912
0.363036 0.166667 312776 2 3  115.83 113.011
0.583004 0.833333 321270 10 3  115.634 113.111
0.515673 0.8125 341122 13 4  115.82 113.211
0.487899 0.5 269332 6 3  116.136 113.511
0.347472 0.0833333 273582 1 3  117.017 114.311
0.484798 0.5 278042 6 3  114.311 114.311
0.427801 0.333333 282284 4 3  116.943 114.411
0.567839 1.5625 393085 25 4  117.585 114.912
0.46977 0.6875 360668 11 4  117.746 115.011
0.478184 0 184098 0 2  115.21 115.21
0.469096 0.6875 363990 11 4  117.801 115.211
0.478202 0 184074 0 2  115.41 115.41
0.478169 0 184117 0 2  115.61 115.61
0.488658 0.75 370416 12 4  118.526 115.811
0.514073 0.583333 273768 7 3  118.627 116.111
0.372354 0.5 368559 10 5  118.85 116.112
0.478131 0 184165 0 2  116.51 116.51
0.399967 0.25 282452 3 3  119.304 116.711
0.579694 1 334614 16 4  119.227 116.711
0.325323 0.5 420492 14 7  119.644 117.113
0.536538 1 381652 20 5  120.626 118.112
0.542235 1.05 352883 21 5  121.227 118.612
0.497465 0.583333 330038 7 3  121.824 119.211
0.47798 0 184357 0 2  121.841 119.31
0.475506 0.6875 334704 11 4  121.97 119.411
0.448926 0.625 360722 10 4  122.889 120.311
0.429472 0.5625 354114 9 4  123.128 120.511
0.568957 1.0625 386716 17 4  123.499 120.812
0.514055 0.583333 273818 7 3  123.78 121.111
0.516107 1.05 539372 21 5  123.909 121.213
0.478137 0 184158 0 2  121.61 121.61
0.57889 1.625 338024 26 4  139.618 121.811
0.563828 0.75 291104 9 3  124.518 121.911
0.529751 0.666667 312597 8 3  124.989 122.211
0.471116 0.6875 354220 11 4  124.717 122.211
0.334695 0.4 391992 8 5  122.312 122.312
0.485969 0.916667 384787 22 6  124.9 122.312
0.345699 0.4 337414 8 5  122.612 122.612
0.500425 0.75 318376 12 4  125.313 122.811
0.369102 0.375 344374 6 4  125.489 122.911
0.477979 0 184358 0 2  126.16 123.21
0.537258 0.875 337876 14 4  125.948 123.311
0.415408 0.65 407699 13 5  125.95 123.412
0.441486 0.5625 305392 9 4  126.354 123.711
0.406195 0.25 264971 3 3  126.623 123.911
0.364264 0.166667 308336 2 3  126.578 123.911
0.46676 0.96875 440702 31 8  126.601 123.914
0.478185 0 184096 0 2  124.01 124.01
0.426314 0.333333 286799 4 3  126.638 124.011
0.447565 0.416667 308451 5 3  126.673 124.111
0.44757 0.416667 308433 5 3  127.021 124.411
0.566626 0.75 282475 9 3  127.232 124.511
0.478159 0 184129 0 2  124.61 124.61
0.477925 0.6875 324839 11 4  127.328 124.611
0.387812 0.4375 354082 7 4  127.13 124.611
0.470834 0.8 376466 16 5  127.427 124.712
0.457046 0.416667 277967 5 3  127.532 124.811
0.566621 0.75 282489 9 3  128.156 125.611
0.478183 0 184100 0 2  126.21 126.21
0.512113 0.8125 357398 13 4  129.156 126.511
0.472323 0.8 368719 16 5  129.163 126.512
0.4316 0.5625 344380 9 4  129.24 126.611
0.427428 0.5625 363992 9 4  129.605 126.911
0.512112 0.8125 357405 13 4  129.743 127.011
0.511138 0.583333 282272 7 3  129.798 127.111
0.359661 0.166667 325669 2 3  129.941 127.211
0.423408 0.75 428058 18 6  129.928 127.213
0.344949 0.375 500480 6 4  130.153 127.412
0.429446 0.5625 354237 9 4  130.87 128.211
0.442967 0.416667 325776 5 3  130.866 128.311
0.506919 0.583333 295466 7 3  131.042 128.511
0.504379 0.583333 304023 7 3  131.459 128.811
0.473016 0.5 316979 6 3  131.381 128.811
0.482228 0.6875 308660 11 4  131.383 128.811
0.575289 1.25 354191 20 4  131.629 128.911
0.545037 0.666667 265096 8 3  132.039 129.411
0.5615 0.833333 433602 10 3  132.143 129.411
0.347542 0.3125 347637 5 4  132.437 129.911
0.477997 0 184336 0 2  132.639 130.01
0.53749 0.666667 286597 8 3  132.52 130.011
0.457793 0.75 358134 15 5  132.685 130.012
0.460072 0.416667 269467 5 3  130.411 130.411
0.637444 1 325648 12 3  133.413 130.711
0.478181 0 184102 0 2  131.21 131.21
0.414578 0.5 328228 8 4  133.864 131.311
0.645815 1.08333 295446 13 3  134.118 131.511
0.423896 0.65 360869 13 5  134.915 131.812
0.478144 0 184148 0 2  132.31 132.31
0.385146 0.4375 367077 7 4  134.909 132.311
0.557338 0.9375 341130 15 4  135.031 132.511
0.412265 0.5 337843 8 4  135.295 132.611
0.500769 0.583333 317072 7 3  132.711 132.711
0.563835 0.75 291080 9 3  135.53 132.811
0.477971 0 184368 0 2  135.945 133.21
0.575994 1.125 350904 18 4  135.831 133.311
0.474786 0.6875 337756 11 4  137.003 134.411
0.54187 0.666667 273713 8 3  137.158 134.511
0.503126 0.583333 308432 7 3  137.386 134.711
0.639667 1.16667 317038 14 3  137.236 134.711
0.418548 0.708333 373870 17 6  inf 134.912
0.648542 1.25 286782 15 3  137.934 135.311
0.407759 0.6 358299 12 5  138.581 135.912
0.637445 1 325641 12 3  138.914 136.211
0.554446 0.9375 354236 15 4  138.924 136.411
0.638532 1 321377 12 3  139.02 136.511
0.472986 0.5 317092 6 3  139.376 136.711
0.382054 0.4375 383394 7 4  139.231 136.712
0.423596 0.333333 295435 4 3  139.333 136.811
0.359671 0.166667 325626 2 3  139.474 136.911
0.356338 0.3125 311874 5 4  139.595 136.911
0.587714 0.833333 304017 10 3  139.52 137.011
0.493356 0.75 347724 12 4  139.868 137.211
0.5239 0.8125 308644 13 4  139.817 137.311
0.615506 0.916667 303970 11 3  140.128 137.511
0.442196 0.7 353064 14 5  140.257 137.512
0.478019 0 184308 0 2  140.408 137.71
0.301363 0.3 391984 6 5  140.702 138.012
0.51729 0.583333 265016 7 3  140.816 138.211
0.395425 0.4375 321576 7 4  140.856 138.311
0.595881 0.833333 278122 10 3  140.921 138.411
0.381469 0.4375 386645 7 4  141.087 138.412
0.626793 0.916667 269320 11 3  141.615 138.911
0.615492 0.916667 304016 11 3  141.531 139.011
0.472539 0.6875 347650 11 4  141.94 139.311
0.385137 0.55 389462 11 5  129.51 139.312
0.506922 0.583333 295460 7 3  inf 139.711
0.349752 0.3125 337903 5 4  142.506 139.811
0.44286 0.625 392964 10 4  142.593 140.012
0.521331 0.95 373844 19 5  142.595 140.012
0.474003 0.6875 341138 11 4  142.818 140.211
0.486313 0.5 273717 6 3  142.916 140.411
0.472991 0.5 317073 6 3  143.282 140.611
0.422296 0.333333 299751 4 3  143.344 140.711
0.389681 0.25 316987 3 3  143.588 140.911
0.317023 0.416667 397873 10 6  143.681 141.012
0.318395 0.25 389894 4 4  143.76 141.112
0.513473 0.8125 351004 13 4  144.312 141.611
0.375165 0.166667 273820 2 3  144.791 142.211
0.417955 0.5 315128 8 4  144.853 142.311
0.345454 0.3125 357365 5 4  145.133 142.611
0.323379 0.35 363411 7 5  146.223 143.612
0.349606 0.45 402379 9 5  146.273 143.712
0.373341 0.583333 393399 14 6  146.625 143.912
0.364258 0.166667 308356 2 3  146.652 144.111
0.509692 0.583333 286660 7 3  146.812 144.211
0.366949 0.375 354221 6 4  146.822 144.211
0.499645 0.583333 321370 7 3  147.376 144.711
0.384504 0.4375 370350 7 4  147.43 144.811
0.386444 0.4375 360632 7 4  147.53 144.911
0.364271 0.166667 308310 2 3  147.71 145.111
0.478166 0 184120 0 2  146.21 146.21
0.520824 0.95 376520 19 5  149.257 146.512
0.328177 0.25 341107 4 4  149.356 146.611
0.452701 0.416667 291154 5 3  149.331 146.811
0.425016 0.75 417285 18 6  149.49 146.813
0.353314 0.625 432571 20 8  149.739 147.213
0.471855 0.8 371120 16 5  150.016 147.312
0.378429 0.166667 264942 2 3  150.334 147.611
0.651438 1 278119 12 3  150.31 147.711
0.64584 1.08333 295362 13 3  150.773 148.211
0.352278 0.45 386785 9 5  150.985 148.312
0.478184 0 184098 0 2  148.41 148.41
0.395416 0.4375 321612 7 4  151.158 148.511
0.370472 0.583333 410785 14 6  151.116 148.612
0.398941 0.666667 406454 16 6  152.269 149.612
0.429248 0.333333 278024 4 3  152.69 150.011
0.488782 0.666667 601444 8 3  152.663 150.112
0.575988 1.0625 350933 17 4  153.446 150.811
0.424976 0.333333 290985 4 3  153.632 151.011
0.410752 0.5 344448 8 4  154.026 151.311
0.371167 0.583333 406434 14 6  154.194 151.512
0.472542 0.6875 347636 11 4  154.612 151.911
0.478172 0 184113 0 2  152.21 152.21
0.394534 0.25 299699 3 3  154.774 152.211
0.30831 0.3 355667 6 5  155.035 152.312
0.513508 0.8125 350841 13 4  155.034 152.411
0.477984 0 184352 0 2  155.255 152.51
0.286548 0.25 381600 5 5  155.212 152.712
0.572826 0.75 265066 9 3  155.798 153.211
0.37372 0.166667 277944 2 3  155.931 153.311
0.486227 0.75 383363 12 4  156.012 153.312
0.378732 0.625 449783 15 6  155.908 153.313
0.402299 0.5 386668 8 4  156.524 153.812
0.478203 0 184073 0 2  154.31 154.31
0.537232 0.875 337986 14 4  154.411 154.411
0.478161 0 184127 0 2  154.51 154.51
0.478161 0 184128 0 2  154.71 154.71
0.639648 1.08333 317111 13 3  157.713 155.211
0.656151 1 265088 12 3  150.97 155.411
0.343053 0.0833333 286576 1 3  158.254 155.511
0.478186 0 184095 0 2  155.71 155.71
0.398586 0.25 286645 3 3  158.389 155.811
0.474768 0.6875 337834 11 4  158.762 156.111
0.411909 0.75 399974 21 7  158.738 156.113
0.421064 0.333333 303959 4 3  158.944 156.411
0.397097 0.4375 315221 7 4  159.422 156.711
0.478201 0 184076 0 2  156.91 156.91
0.579693 1.0625 334616 17 4  159.499 156.911
0.450103 0.416667 299653 5 3  159.743 157.011
0.457907 0.625 321644 10 4  159.67 157.011
0.644516 1.16667 299759 14 3  159.8 157.111
0.555859 0.9375 347710 15 4  157.111 157.111
0.573273 1.25 363938 20 4  208.574 157.511
0.309447 0.3 350355 6 5  160.621 158.112
0.469698 0.5 329996 6 3  160.942 158.411
0.401484 0.666667 391287 16 6  232.007 158.712
0.581279 1.25 328086 20 4  161.945 159.211
0.318405 0.25 389835 4 4  162.057 159.512
0.419828 0.333333 308303 4 3  162.135 159.611
0.478188 0 184092 0 2  159.81 159.81
0.458754 0.625 318393 10 4  162.514 159.911
0.555155 0.9375 350932 15 4  162.476 159.911
