1e+08 1e+08 1e+08 1e+08 1e+08 1e+08 1e+08 1e+08 1e+08 1e+08 1e+08 1e+08 1e+08 1e+08 1e+08 1e+08 1e+08 1e+08 1e+08 1e+08 1e+08 1e+08 1e+08 1e+08 1e+08 1e+08 1e+08 1e+08 1e+08 1e+08 1e+08 1e+08 1e+08 1e+08 1e+08 1e+08 1e+08 1e+08 1e+08 1e+08 1e+08 1e+08 1e+08 1e+08 1e+08 1e+08 1e+08 1e+08 1e+08 
1e+08 1e+08 1e+08 1e+08 1e+08 1e+08 1e+08 1e+08 1e+08 1e+08 1e+08 1e+08 1e+08 1e+08 1e+08 1e+08 1e+08 1e+08 1e+08 1e+08 1e+08 1e+08 1e+08 1e+08 1e+08 1e+08 1e+08 1e+08 1e+08 1e+08 1e+08 1e+08 1e+08 1e+08 1e+08 1e+08 1e+08 1e+08 1e+08 1e+08 1e+08 1e+08 1e+08 1e+08 1e+08 1e+08 1e+08 1e+08 1e+08 
1e+08 1e+08 1e+08 18.5322 1e+08 1e+08 1e+08 1e+08 1e+08 1e+08 1e+08 1e+08 1e+08 1e+08 1e+08 1e+08 1e+08 1e+08 1e+08 1e+08 1e+08 1e+08 1e+08 1e+08 1e+08 1e+08 1e+08 1e+08 1e+08 1e+08 1e+08 1e+08 1e+08 1e+08 1e+08 1e+08 1e+08 1e+08 1e+08 1e+08 1e+08 1e+08 1e+08 1e+08 1e+08 1e+08 1e+08 1e+08 9.21897 
1e+08 1e+08 18.5322 1e+08 9.33602 1e+08 1e+08 1e+08 1e+08 1e+08 1e+08 1e+08 9.24625 1e+08 1e+08 1e+08 1e+08 1e+08 1e+08 1e+08 1e+08 1e+08 1e+08 1e+08 1e+08 1e+08 1e+08 1e+08 1e+08 1e+08 1e+08 1e+08 1e+08 1e+08 1e+08 1e+08 1e+08 1e+08 1e+08 1e+08 1e+08 1e+08 1e+08 1e+08 1e+08 1e+08 1e+08 1e+08 1e+08 
1e+08 1e+08 1e+08 9.33602 1e+08 1e+08 1e+08 1e+08 1e+08 1e+08 1e+08 1e+08 1e+08 1e+08 1e+08 1e+08 1e+08 1e+08 1e+08 1e+08 1e+08 1e+08 1e+08 1e+08 1e+08 1e+08 1e+08 1e+08 1e+08 1e+08 1e+08 1e+08 1e+08 1e+08 1e+08 1e+08 1e+08 1e+08 1e+08 1e+08 1e+08 1e+08 1e+08 1e+08 1e+08 1e+08 1e+08 1e+08 1e+08 
1e+08 1e+08 1e+08 1e+08 1e+08 1e+08 1e+08 1e+08 1e+08 1e+08 1e+08 1e+08 1e+08 1e+08 1e+08 1e+08 1e+08 1e+08 1e+08 1e+08 1e+08 1e+08 1e+08 1e+08 1e+08 1e+08 1e+08 1e+08 1e+08 1e+08 1e+08 1e+08 1e+08 1e+08 1e+08 1e+08 1e+08 1e+08 1e+08 1e+08 1e+08 1e+08 1e+08 1e+08 1e+08 1e+08 1e+08 1e+08 1e+08 
1e+08 1e+08 1e+08 1e+08 1e+08 1e+08 1e+08 1e+08 1e+08 1e+08 1e+08 1e+08 1e+08 1e+08 1e+08 1e+08 1e+08 1e+08 1e+08 1e+08 1e+08 1e+08 1e+08 1e+08 1e+08 1e+08 1e+08 1e+08 1e+08 1e+08 1e+08 1e+08 1e+08 1e+08 1e+08 1e+08 1e+08 1e+08 1e+08 1e+08 1e+08 1e+08 1e+08 1e+08 1e+08 1e+08 1e+08 1e+08 1e+08 
1e+08 1e+08 1e+08 1e+08 1e+08 1e+08 1e+08 1e+08 1e+08 1e+08 1e+08 1e+08 1e+08 1e+08 1e+08 1e+08 1e+08 1e+08 1e+08 1e+08 1e+08 1e+08 1e+08 1e+08 1e+08 1e+08 1e+08 1e+08 1e+08 1e+08 1e+08 1e+08 1e+08 1e+08 1e+08 1e+08 1e+08 1e+08 1e+08 1e+08 1e+08 1e+08 1e+08 1e+08 1e+08 1e+08 1e+08 1e+08 1e+08 
1e+08 1e+08 1e+08 1e+08 1e+08 1e+08 1e+08 1e+08 1e+08 9.07112 1e+08 1e+08 1e+08 1e+08 1e+08 1e+08 1e+08 1e+08 1e+08 1e+08 1e+08 1e+08 1e+08 1e+08 1e+08 1e+08 1e+08 1e+08 1e+08 1e+08 1e+08 1e+08 1e+08 1e+08 1e+08 1e+08 1e+08 1e+08 1e+08 1e+08 1e+08 1e+08 1e+08 1e+08 1e+08 1e+08 1e+08 1e+08 1e+08 
1e+08 1e+08 1e+08 1e+08 1e+08 1e+08 1e+08 1e+08 9.07112 1e+08 9.0652 1e+08 1e+08 1e+08 1e+08 1e+08 1e+08 1e+08 1e+08 1e+08 1e+08 1e+08 1e+08 1e+08 1e+08 1e+08 1e+08 1e+08 1e+08 1e+08 1e+08 1e+08 1e+08 1e+08 1e+08 1e+08 1e+08 1e+08 1e+08 1e+08 1e+08 1e+08 1e+08 1e+08 1e+08 1e+08 1e+08 1e+08 1e+08 
1e+08 1e+08 1e+08 1e+08 1e+08 1e+08 1e+08 1e+08 1e+08 9.0652 1e+08 1e+08 1e+08 1e+08 1e+08 1e+08 1e+08 1e+08 1e+08 1e+08 1e+08 1e+08 1e+08 1e+08 1e+08 1e+08 1e+08 1e+08 1e+08 1e+08 1e+08 1e+08 1e+08 1e+08 1e+08 1e+08 1e+08 1e+08 1e+08 1e+08 1e+08 1e+08 1e+08 1e+08 1e+08 1e+08 1e+08 1e+08 1e+08 
1e+08 1e+08 1e+08 1e+08 1e+08 1e+08 1e+08 1e+08 1e+08 1e+08 1e+08 1e+08 1e+08 1e+08 1e+08 1e+08 1e+08 1e+08 1e+08 1e+08 1e+08 1e+08 1e+08 1e+08 1e+08 1e+08 1e+08 1e+08 1e+08 1e+08 1e+08 1e+08 1e+08 1e+08 1e+08 1e+08 1e+08 1e+08 1e+08 1e+08 1e+08 1e+08 1e+08 1e+08 1e+08 1e+08 1e+08 9.0652 1e+08 
1e+08 1e+08 1e+08 9.24625 1e+08 1e+08 1e+08 1e+08 1e+08 1e+08 1e+08 1e+08 1e+08 1e+08 1e+08 1e+08 1e+08 1e+08 1e+08 1e+08 1e+08 1e+08 1e+08 18.1291 1e+08 1e+08 1e+08 1e+08 1e+08 1e+08 1e+08 1e+08 1e+08 1e+08 1e+08 1e+08 1e+08 1e+08 1e+08 1e+08 1e+08 1e+08 1e+08 1e+08 1e+08 1e+08 1e+08 1e+08 1e+08 
1e+08 1e+08 1e+08 1e+08 1e+08 1e+08 1e+08 1e+08 1e+08 1e+08 1e+08 1e+08 1e+08 1e+08 9.10415 1e+08 1e+08 1e+08 1e+08 1e+08 1e+08 1e+08 1e+08 1e+08 1e+08 1e+08 1e+08 1e+08 1e+08 1e+08 1e+08 1e+08 1e+08 1e+08 1e+08 1e+08 1e+08 1e+08 1e+08 1e+08 1e+08 1e+08 1e+08 1e+08 1e+08 1e+08 9.20539 1e+08 1e+08 
1e+08 1e+08 1e+08 1e+08 1e+08 1e+08 1e+08 1e+08 1e+08 1e+08 1e+08 1e+08 1e+08 9.10415 1e+08 9.87362 1e+08 1e+08 1e+08 1e+08 1e+08 1e+08 1e+08 1e+08 1e+08 1e+08 1e+08 1e+08 18.1028 1e+08 1e+08 1e+08 1e+08 1e+08 1e+08 1e+08 1e+08 1e+08 1e+08 1e+08 1e+08 1e+08 1e+08 1e+08 1e+08 1e+08 1e+08 1e+08 1e+08 
1e+08 1e+08 1e+08 1e+08 1e+08 1e+08 1e+08 1e+08 1e+08 1e+08 1e+08 1e+08 1e+08 1e+08 9.87362 1e+08 8.99993 1e+08 1e+08 1e+08 1e+08 1e+08 1e+08 1e+08 1e+08 1e+08 1e+08 1e+08 1e+08 1e+08 1e+08 1e+08 1e+08 1e+08 1e+08 1e+08 1e+08 1e+08 1e+08 1e+08 1e+08 1e+08 1e+08 1e+08 1e+08 1e+08 1e+08 1e+08 1e+08 
1e+08 1e+08 1e+08 1e+08 1e+08 1e+08 1e+08 1e+08 1e+08 1e+08 1e+08 1e+08 1e+08 1e+08 1e+08 8.99993 1e+08 9.04486 1e+08 1e+08 1e+08 1e+08 1e+08 1e+08 1e+08 1e+08 1e+08 1e+08 1e+08 1e+08 1e+08 1e+08 1e+08 1e+08 1e+08 1e+08 1e+08 1e+08 1e+08 1e+08 1e+08 1e+08 1e+08 1e+08 1e+08 1e+08 1e+08 1e+08 1e+08 
1e+08 1e+08 1e+08 1e+08 1e+08 1e+08 1e+08 1e+08 1e+08 1e+08 1e+08 1e+08 1e+08 1e+08 1e+08 1e+08 9.04486 1e+08 9.3221 1e+08 1e+08 1e+08 1e+08 1e+08 1e+08 1e+08 1e+08 1e+08 1e+08 1e+08 1e+08 1e+08 1e+08 1e+08 1e+08 1e+08 1e+08 1e+08 1e+08 1e+08 1e+08 1e+08 1e+08 1e+08 1e+08 1e+08 1e+08 1e+08 1e+08 
1e+08 1e+08 1e+08 1e+08 1e+08 1e+08 1e+08 1e+08 1e+08 1e+08 1e+08 1e+08 1e+08 1e+08 1e+08 1e+08 1e+08 9.3221 1e+08 9.14478 1e+08 1e+08 1e+08 1e+08 1e+08 1e+08 1e+08 1e+08 1e+08 1e+08 1e+08 1e+08 1e+08 1e+08 1e+08 1e+08 1e+08 1e+08 1e+08 1e+08 1e+08 1e+08 1e+08 1e+08 1e+08 1e+08 1e+08 1e+08 1e+08 
1e+08 1e+08 1e+08 1e+08 1e+08 1e+08 1e+08 1e+08 1e+08 1e+08 1e+08 1e+08 1e+08 1e+08 1e+08 1e+08 1e+08 1e+08 9.14478 1e+08 1e+08 1e+08 1e+08 1e+08 1e+08 1e+08 1e+08 1e+08 1e+08 1e+08 1e+08 1e+08 1e+08 1e+08 1e+08 1e+08 1e+08 1e+08 1e+08 1e+08 1e+08 1e+08 1e+08 1e+08 1e+08 1e+08 1e+08 1e+08 1e+08 
1e+08 1e+08 1e+08 1e+08 1e+08 1e+08 1e+08 1e+08 1e+08 1e+08 1e+08 1e+08 1e+08 1e+08 1e+08 1e+08 1e+08 1e+08 1e+08 1e+08 1e+08 1e+08 1e+08 1e+08 1e+08 1e+08 1e+08 1e+08 1e+08 1e+08 1e+08 1e+08 1e+08 1e+08 1e+08 1e+08 1e+08 1e+08 1e+08 1e+08 1e+08 1e+08 1e+08 1e+08 1e+08 1e+08 1e+08 1e+08 1e+08 
1e+08 1e+08 1e+08 1e+08 1e+08 1e+08 1e+08 1e+08 1e+08 1e+08 1e+08 1e+08 1e+08 1e+08 1e+08 1e+08 1e+08 1e+08 1e+08 1e+08 1e+08 1e+08 9.39144 1e+08 1e+08 1e+08 1e+08 1e+08 1e+08 1e+08 1e+08 1e+08 1e+08 1e+08 1e+08 1e+08 1e+08 1e+08 1e+08 1e+08 1e+08 1e+08 1e+08 1e+08 1e+08 1e+08 1e+08 1e+08 1e+08 
1e+08 1e+08 1e+08 1e+08 1e+08 1e+08 1e+08 1e+08 1e+08 1e+08 1e+08 1e+08 1e+08 1e+08 1e+08 1e+08 1e+08 1e+08 1e+08 1e+08 1e+08 9.39144 1e+08 1e+08 18.7547 1e+08 1e+08 1e+08 1e+08 1e+08 1e+08 1e+08 1e+08 1e+08 1e+08 1e+08 1e+08 1e+08 1e+08 1e+08 1e+08 1e+08 1e+08 1e+08 1e+08 1e+08 1e+08 1e+08 1e+08 
1e+08 1e+08 1e+08 1e+08 1e+08 1e+08 1e+08 1e+08 1e+08 1e+08 1e+08 1e+08 18.1291 1e+08 1e+08 1e+08 1e+08 1e+08 1e+08 1e+08 1e+08 1e+08 1e+08 1e+08 1e+08 1e+08 1e+08 1e+08 1e+08 1e+08 1e+08 1e+08 1e+08 1e+08 18.1291 1e+08 1e+08 1e+08 1e+08 1e+08 1e+08 1e+08 1e+08 1e+08 1e+08 1e+08 1e+08 1e+08 1e+08 
1e+08 1e+08 1e+08 1e+08 1e+08 1e+08 1e+08 1e+08 1e+08 1e+08 1e+08 1e+08 1e+08 1e+08 1e+08 1e+08 1e+08 1e+08 1e+08 1e+08 1e+08 1e+08 18.7547 1e+08 1e+08 9.76562 1e+08 1e+08 1e+08 1e+08 1e+08 1e+08 1e+08 9.41336 1e+08 1e+08 1e+08 1e+08 1e+08 1e+08 1e+08 1e+08 1e+08 1e+08 1e+08 1e+08 1e+08 1e+08 1e+08 
1e+08 1e+08 1e+08 1e+08 1e+08 1e+08 1e+08 1e+08 1e+08 1e+08 1e+08 1e+08 1e+08 1e+08 1e+08 1e+08 1e+08 1e+08 1e+08 1e+08 1e+08 1e+08 1e+08 1e+08 9.76562 1e+08 1e+08 1e+08 1e+08 1e+08 1e+08 1e+08 9.273 1e+08 1e+08 1e+08 1e+08 1e+08 1e+08 1e+08 1e+08 1e+08 1e+08 1e+08 1e+08 1e+08 1e+08 1e+08 1e+08 
1e+08 1e+08 1e+08 1e+08 1e+08 1e+08 1e+08 1e+08 1e+08 1e+08 1e+08 1e+08 1e+08 1e+08 1e+08 1e+08 1e+08 1e+08 1e+08 1e+08 1e+08 1e+08 1e+08 1e+08 1e+08 1e+08 1e+08 9.01941 1e+08 1e+08 1e+08 1e+08 1e+08 1e+08 1e+08 1e+08 1e+08 1e+08 1e+08 1e+08 1e+08 1e+08 1e+08 1e+08 1e+08 1e+08 1e+08 1e+08 1e+08 
1e+08 1e+08 1e+08 1e+08 1e+08 1e+08 1e+08 1e+08 1e+08 1e+08 1e+08 1e+08 1e+08 1e+08 1e+08 1e+08 1e+08 1e+08 1e+08 1e+08 1e+08 1e+08 1e+08 1e+08 1e+08 1e+08 9.01941 1e+08 9.07771 1e+08 1e+08 1e+08 1e+08 1e+08 1e+08 1e+08 1e+08 1e+08 1e+08 1e+08 1e+08 1e+08 1e+08 1e+08 1e+08 1e+08 1e+08 1e+08 1e+08 
1e+08 1e+08 1e+08 1e+08 1e+08 1e+08 1e+08 1e+08 1e+08 1e+08 1e+08 1e+08 1e+08 1e+08 18.1028 1e+08 1e+08 1e+08 1e+08 1e+08 1e+08 1e+08 1e+08 1e+08 1e+08 1e+08 1e+08 9.07771 1e+08 9.12409 1e+08 1e+08 1e+08 1e+08 1e+08 1e+08 1e+08 1e+08 1e+08 1e+08 1e+08 1e+08 1e+08 1e+08 1e+08 1e+08 1e+08 1e+08 1e+08 
1e+08 1e+08 1e+08 1e+08 1e+08 1e+08 1e+08 1e+08 1e+08 1e+08 1e+08 1e+08 1e+08 1e+08 1e+08 1e+08 1e+08 1e+08 1e+08 1e+08 1e+08 1e+08 1e+08 1e+08 1e+08 1e+08 1e+08 1e+08 9.12409 1e+08 9.32905 1e+08 1e+08 1e+08 1e+08 1e+08 1e+08 1e+08 1e+08 1e+08 1e+08 1e+08 1e+08 9.343 1e+08 1e+08 1e+08 1e+08 1e+08 
1e+08 1e+08 1e+08 1e+08 1e+08 1e+08 1e+08 1e+08 1e+08 1e+08 1e+08 1e+08 1e+08 1e+08 1e+08 1e+08 1e+08 1e+08 1e+08 1e+08 1e+08 1e+08 1e+08 1e+08 1e+08 1e+08 1e+08 1e+08 1e+08 9.32905 1e+08 1e+08 1e+08 1e+08 1e+08 1e+08 1e+08 1e+08 1e+08 1e+08 1e+08 1e+08 1e+08 1e+08 1e+08 1e+08 1e+08 1e+08 1e+08 
1e+08 1e+08 1e+08 1e+08 1e+08 1e+08 1e+08 1e+08 1e+08 1e+08 1e+08 1e+08 1e+08 1e+08 1e+08 1e+08 1e+08 1e+08 1e+08 1e+08 1e+08 1e+08 1e+08 1e+08 1e+08 1e+08 1e+08 1e+08 1e+08 1e+08 1e+08 1e+08 9.10481 1e+08 1e+08 1e+08 1e+08 1e+08 1e+08 1e+08 1e+08 19.4099 1e+08 1e+08 1e+08 1e+08 1e+08 1e+08 1e+08 
1e+08 1e+08 1e+08 1e+08 1e+08 1e+08 1e+08 1e+08 1e+08 1e+08 1e+08 1e+08 1e+08 1e+08 1e+08 1e+08 1e+08 1e+08 1e+08 1e+08 1e+08 1e+08 1e+08 1e+08 1e+08 9.273 1e+08 1e+08 1e+08 1e+08 1e+08 9.10481 1e+08 9.00641 1e+08 1e+08 1e+08 1e+08 1e+08 1e+08 1e+08 1e+08 1e+08 1e+08 1e+08 1e+08 1e+08 1e+08 1e+08 
1e+08 1e+08 1e+08 1e+08 1e+08 1e+08 1e+08 1e+08 1e+08 1e+08 1e+08 1e+08 1e+08 1e+08 1e+08 1e+08 1e+08 1e+08 1e+08 1e+08 1e+08 1e+08 1e+08 1e+08 9.41336 1e+08 1e+08 1e+08 1e+08 1e+08 1e+08 1e+08 9.00641 1e+08 1e+08 18.1159 1e+08 1e+08 1e+08 35.0631 1e+08 1e+08 1e+08 1e+08 1e+08 1e+08 1e+08 1e+08 1e+08 
1e+08 1e+08 1e+08 1e+08 1e+08 1e+08 1e+08 1e+08 1e+08 1e+08 1e+08 1e+08 1e+08 1e+08 1e+08 1e+08 1e+08 1e+08 1e+08 1e+08 1e+08 1e+08 1e+08 18.1291 1e+08 1e+08 1e+08 1e+08 1e+08 1e+08 1e+08 1e+08 1e+08 1e+08 1e+08 1e+08 1e+08 1e+08 1e+08 1e+08 1e+08 1e+08 1e+08 1e+08 9.02527 19.3484 1e+08 1e+08 1e+08 
1e+08 1e+08 1e+08 1e+08 1e+08 1e+08 1e+08 1e+08 1e+08 1e+08 1e+08 1e+08 1e+08 1e+08 1e+08 1e+08 1e+08 1e+08 1e+08 1e+08 1e+08 1e+08 1e+08 1e+08 1e+08 1e+08 1e+08 1e+08 1e+08 1e+08 1e+08 1e+08 1e+08 18.1159 1e+08 1e+08 9.17162 1e+08 1e+08 1e+08 1e+08 1e+08 1e+08 1e+08 1e+08 1e+08 1e+08 1e+08 1e+08 
1e+08 1e+08 1e+08 1e+08 1e+08 1e+08 1e+08 1e+08 1e+08 1e+08 1e+08 1e+08 1e+08 1e+08 1e+08 1e+08 1e+08 1e+08 1e+08 1e+08 1e+08 1e+08 1e+08 1e+08 1e+08 1e+08 1e+08 1e+08 1e+08 1e+08 1e+08 1e+08 1e+08 1e+08 1e+08 9.17162 1e+08 1e+08 1e+08 1e+08 1e+08 1e+08 1e+08 1e+08 1e+08 1e+08 1e+08 1e+08 1e+08 
1e+08 1e+08 1e+08 1e+08 1e+08 1e+08 1e+08 1e+08 1e+08 1e+08 1e+08 1e+08 1e+08 1e+08 1e+08 1e+08 1e+08 1e+08 1e+08 1e+08 1e+08 1e+08 1e+08 1e+08 1e+08 1e+08 1e+08 1e+08 1e+08 1e+08 1e+08 1e+08 1e+08 1e+08 1e+08 1e+08 1e+08 1e+08 9.17162 1e+08 1e+08 1e+08 1e+08 1e+08 1e+08 1e+08 1e+08 1e+08 1e+08 
1e+08 1e+08 1e+08 1e+08 1e+08 1e+08 1e+08 1e+08 1e+08 1e+08 1e+08 1e+08 1e+08 1e+08 1e+08 1e+08 1e+08 1e+08 1e+08 1e+08 1e+08 1e+08 1e+08 1e+08 1e+08 1e+08 1e+08 1e+08 1e+08 1e+08 1e+08 1e+08 1e+08 1e+08 1e+08 1e+08 1e+08 9.17162 1e+08 9.13075 1e+08 1e+08 1e+08 1e+08 1e+08 1e+08 1e+08 1e+08 1e+08 
1e+08 1e+08 1e+08 1e+08 1e+08 1e+08 1e+08 1e+08 1e+08 1e+08 1e+08 1e+08 1e+08 1e+08 1e+08 1e+08 1e+08 1e+08 1e+08 1e+08 1e+08 1e+08 1e+08 1e+08 1e+08 1e+08 1e+08 1e+08 1e+08 1e+08 1e+08 1e+08 1e+08 35.0631 1e+08 1e+08 1e+08 1e+08 9.13075 1e+08 9.04552 1e+08 1e+08 1e+08 1e+08 1e+08 1e+08 1e+08 1e+08 
1e+08 1e+08 1e+08 1e+08 1e+08 1e+08 1e+08 1e+08 1e+08 1e+08 1e+08 1e+08 1e+08 1e+08 1e+08 1e+08 1e+08 1e+08 1e+08 1e+08 1e+08 1e+08 1e+08 1e+08 1e+08 1e+08 1e+08 1e+08 1e+08 1e+08 1e+08 1e+08 1e+08 1e+08 1e+08 1e+08 1e+08 1e+08 1e+08 9.04552 1e+08 18.0766 1e+08 1e+08 1e+08 1e+08 1e+08 1e+08 1e+08 
1e+08 1e+08 1e+08 1e+08 1e+08 1e+08 1e+08 1e+08 1e+08 1e+08 1e+08 1e+08 1e+08 1e+08 1e+08 1e+08 1e+08 1e+08 1e+08 1e+08 1e+08 1e+08 1e+08 1e+08 1e+08 1e+08 1e+08 1e+08 1e+08 1e+08 1e+08 19.4099 1e+08 1e+08 1e+08 1e+08 1e+08 1e+08 1e+08 1e+08 18.0766 1e+08 8.99928 1e+08 1e+08 1e+08 1e+08 1e+08 1e+08 
1e+08 1e+08 1e+08 1e+08 1e+08 1e+08 1e+08 1e+08 1e+08 1e+08 1e+08 1e+08 1e+08 1e+08 1e+08 1e+08 1e+08 1e+08 1e+08 1e+08 1e+08 1e+08 1e+08 1e+08 1e+08 1e+08 1e+08 1e+08 1e+08 1e+08 1e+08 1e+08 1e+08 1e+08 1e+08 1e+08 1e+08 1e+08 1e+08 1e+08 1e+08 8.99928 1e+08 18.0115 1e+08 1e+08 1e+08 1e+08 1e+08 
1e+08 1e+08 1e+08 1e+08 1e+08 1e+08 1e+08 1e+08 1e+08 1e+08 1e+08 1e+08 1e+08 1e+08 1e+08 1e+08 1e+08 1e+08 1e+08 1e+08 1e+08 1e+08 1e+08 1e+08 1e+08 1e+08 1e+08 1e+08 1e+08 9.343 1e+08 1e+08 1e+08 1e+08 1e+08 1e+08 1e+08 1e+08 1e+08 1e+08 1e+08 1e+08 18.0115 1e+08 1e+08 1e+08 1e+08 1e+08 1e+08 
1e+08 1e+08 1e+08 1e+08 1e+08 1e+08 1e+08 1e+08 1e+08 1e+08 1e+08 1e+08 1e+08 1e+08 1e+08 1e+08 1e+08 1e+08 1e+08 1e+08 1e+08 1e+08 1e+08 1e+08 1e+08 1e+08 1e+08 1e+08 1e+08 1e+08 1e+08 1e+08 1e+08 1e+08 9.02527 1e+08 1e+08 1e+08 1e+08 1e+08 1e+08 1e+08 1e+08 1e+08 1e+08 9.02527 1e+08 1e+08 1e+08 
1e+08 1e+08 1e+08 1e+08 1e+08 1e+08 1e+08 1e+08 1e+08 1e+08 1e+08 1e+08 1e+08 1e+08 1e+08 1e+08 1e+08 1e+08 1e+08 1e+08 1e+08 1e+08 1e+08 1e+08 1e+08 1e+08 1e+08 1e+08 1e+08 1e+08 1e+08 1e+08 1e+08 1e+08 19.3484 1e+08 1e+08 1e+08 1e+08 1e+08 1e+08 1e+08 1e+08 1e+08 9.02527 9.11743 9.12409 1e+08 19.7937 
1e+08 1e+08 1e+08 1e+08 1e+08 1e+08 1e+08 1e+08 1e+08 1e+08 1e+08 1e+08 1e+08 9.20539 1e+08 1e+08 1e+08 1e+08 1e+08 1e+08 1e+08 1e+08 1e+08 1e+08 1e+08 1e+08 1e+08 1e+08 1e+08 1e+08 1e+08 1e+08 1e+08 1e+08 1e+08 1e+08 1e+08 1e+08 1e+08 1e+08 1e+08 1e+08 1e+08 1e+08 1e+08 9.12409 1e+08 11.6225 1e+08 
1e+08 1e+08 1e+08 1e+08 1e+08 1e+08 1e+08 1e+08 1e+08 1e+08 1e+08 9.0652 1e+08 1e+08 1e+08 1e+08 1e+08 1e+08 1e+08 1e+08 1e+08 1e+08 1e+08 1e+08 1e+08 1e+08 1e+08 1e+08 1e+08 1e+08 1e+08 1e+08 1e+08 1e+08 1e+08 1e+08 1e+08 1e+08 1e+08 1e+08 1e+08 1e+08 1e+08 1e+08 1e+08 1e+08 11.6225 1e+08 9.01941 
1e+08 1e+08 9.21897 1e+08 1e+08 1e+08 1e+08 1e+08 1e+08 1e+08 1e+08 1e+08 1e+08 1e+08 1e+08 1e+08 1e+08 1e+08 1e+08 1e+08 1e+08 1e+08 1e+08 1e+08 1e+08 1e+08 1e+08 1e+08 1e+08 1e+08 1e+08 1e+08 1e+08 1e+08 1e+08 1e+08 1e+08 1e+08 1e+08 1e+08 1e+08 1e+08 1e+08 1e+08 1e+08 19.7937 1e+08 9.01941 1e+08 
1e+08 9.00641 1e+08 1e+08 1e+08 1e+08 1e+08 1e+08 1e+08 1e+08 1e+08 1e+08 1e+08 1e+08 1e+08 1e+08 1e+08 1e+08 1e+08 1e+08 1e+08 1e+08 1e+08 1e+08 1e+08 1e+08 1e+08 1e+08 1e+08 1e+08 1e+08 1e+08 1e+08 1e+08 1e+08 1e+08 1e+08 1e+08 1e+08 1e+08 1e+08 1e+08 1e+08 1e+08 1e+08 1e+08 1e+08 1e+08 1e+08 
9.00641 1e+08 1e+08 1e+08 18.4502 1e+08 1e+08 1e+08 1e+08 1e+08 1e+08 1e+08 6.2751 1e+08 1e+08 1e+08 1e+08 1e+08 1e+08 1e+08 1e+08 1e+08 1e+08 1e+08 1e+08 1e+08 1e+08 1e+08 1e+08 1e+08 1e+08 1e+08 1e+08 1e+08 1e+08 1e+08 1e+08 1e+08 1e+08 1e+08 1e+08 1e+08 1e+08 1e+08 1e+08 1e+08 1e+08 1e+08 1e+08 
1e+08 1e+08 1e+08 18.4502 1e+08 1e+08 1e+08 1e+08 1e+08 18.546 1e+08 1e+08 1e+08 1e+08 1e+08 1e+08 1e+08 1e+08 1e+08 1e+08 1e+08 1e+08 1e+08 18.1951 1e+08 1e+08 1e+08 1e+08 1e+08 1e+08 1e+08 1e+08 1e+08 1e+08 1e+08 1e+08 1e+08 1e+08 1e+08 1e+08 1e+08 1e+08 1e+08 1e+08 1e+08 1e+08 1e+08 1e+08 9.58589 
1e+08 1e+08 18.4502 1e+08 9.03898 1e+08 1e+08 1e+08 1e+08 1e+08 1e+08 1e+08 9.02592 1e+08 1e+08 1e+08 1e+08 1e+08 1e+08 1e+08 1e+08 1e+08 1e+08 1e+08 1e+08 1e+08 1e+08 1e+08 1e+08 1e+08 1e+08 1e+08 1e+08 1e+08 1e+08 1e+08 1e+08 1e+08 1e+08 1e+08 1e+08 1e+08 1e+08 1e+08 1e+08 1e+08 1e+08 1e+08 1e+08 
1e+08 18.4502 1e+08 9.03898 1e+08 9.00641 1e+08 1e+08 1e+08 1e+08 1e+08 1e+08 1e+08 1e+08 1e+08 1e+08 1e+08 1e+08 1e+08 1e+08 1e+08 1e+08 1e+08 1e+08 1e+08 1e+08 1e+08 1e+08 1e+08 1e+08 1e+08 1e+08 1e+08 1e+08 1e+08 1e+08 1e+08 1e+08 1e+08 1e+08 1e+08 1e+08 1e+08 1e+08 1e+08 1e+08 1e+08 1e+08 1e+08 
1e+08 1e+08 1e+08 1e+08 9.00641 1e+08 1e+08 1e+08 1e+08 1e+08 1e+08 1e+08 1e+08 1e+08 1e+08 1e+08 1e+08 1e+08 1e+08 1e+08 1e+08 1e+08 1e+08 1e+08 1e+08 1e+08 1e+08 1e+08 1e+08 1e+08 1e+08 1e+08 1e+08 1e+08 1e+08 1e+08 1e+08 1e+08 1e+08 1e+08 1e+08 1e+08 1e+08 1e+08 1e+08 1e+08 1e+08 1e+08 1e+08 
1e+08 1e+08 1e+08 1e+08 1e+08 1e+08 1e+08 9.07178 1e+08 1e+08 1e+08 1e+08 1e+08 1e+08 1e+08 1e+08 1e+08 1e+08 1e+08 1e+08 1e+08 1e+08 1e+08 1e+08 1e+08 1e+08 1e+08 1e+08 1e+08 1e+08 1e+08 1e+08 1e+08 1e+08 1e+08 1e+08 1e+08 1e+08 1e+08 1e+08 1e+08 1e+08 1e+08 1e+08 1e+08 1e+08 1e+08 1e+08 1e+08 
1e+08 1e+08 1e+08 1e+08 1e+08 1e+08 9.07178 1e+08 9.78933 1e+08 1e+08 1e+08 1e+08 1e+08 1e+08 1e+08 1e+08 1e+08 1e+08 18.3554 1e+08 1e+08 1e+08 1e+08 1e+08 1e+08 1e+08 1e+08 1e+08 1e+08 1e+08 1e+08 1e+08 1e+08 1e+08 1e+08 1e+08 1e+08 1e+08 1e+08 1e+08 1e+08 1e+08 1e+08 1e+08 1e+08 1e+08 1e+08 1e+08 
1e+08 1e+08 1e+08 1e+08 1e+08 1e+08 1e+08 9.78933 1e+08 9.09157 1e+08 1e+08 1e+08 1e+08 1e+08 1e+08 1e+08 1e+08 19.1718 1e+08 1e+08 1e+08 1e+08 1e+08 1e+08 1e+08 1e+08 1e+08 1e+08 1e+08 1e+08 1e+08 1e+08 1e+08 1e+08 1e+08 1e+08 1e+08 1e+08 1e+08 1e+08 1e+08 1e+08 1e+08 1e+08 1e+08 1e+08 1e+08 1e+08 
1e+08 1e+08 18.546 1e+08 1e+08 1e+08 1e+08 1e+08 9.09157 1e+08 9.05141 1e+08 1e+08 1e+08 1e+08 1e+08 1e+08 1e+08 1e+08 1e+08 1e+08 1e+08 1e+08 1e+08 1e+08 1e+08 1e+08 1e+08 1e+08 1e+08 1e+08 1e+08 1e+08 1e+08 1e+08 1e+08 1e+08 1e+08 1e+08 1e+08 1e+08 1e+08 1e+08 1e+08 1e+08 1e+08 1e+08 1e+08 1e+08 
1e+08 1e+08 1e+08 1e+08 1e+08 1e+08 1e+08 1e+08 1e+08 9.05141 1e+08 18.1686 1e+08 1e+08 1e+08 1e+08 1e+08 1e+08 1e+08 1e+08 1e+08 1e+08 1e+08 1e+08 1e+08 1e+08 1e+08 1e+08 1e+08 1e+08 1e+08 1e+08 1e+08 1e+08 1e+08 1e+08 1e+08 1e+08 1e+08 1e+08 1e+08 1e+08 1e+08 1e+08 1e+08 1e+08 1e+08 1e+08 9.76562 
1e+08 1e+08 1e+08 1e+08 1e+08 1e+08 1e+08 1e+08 1e+08 1e+08 18.1686 1e+08 1e+08 1e+08 1e+08 1e+08 1e+08 1e+08 1e+08 1e+08 1e+08 1e+08 1e+08 1e+08 1e+08 1e+08 1e+08 1e+08 1e+08 1e+08 1e+08 1e+08 1e+08 1e+08 1e+08 1e+08 1e+08 1e+08 1e+08 1e+08 1e+08 1e+08 1e+08 1e+08 1e+08 1e+08 1e+08 9.0652 1e+08 
1e+08 6.2751 1e+08 9.02592 1e+08 1e+08 1e+08 1e+08 1e+08 1e+08 1e+08 1e+08 1e+08 1e+08 1e+08 1e+08 1e+08 1e+08 1e+08 1e+08 1e+08 1e+08 1e+08 9.13743 1e+08 1e+08 1e+08 1e+08 1e+08 1e+08 1e+08 1e+08 1e+08 1e+08 1e+08 1e+08 1e+08 1e+08 1e+08 1e+08 1e+08 1e+08 1e+08 1e+08 1e+08 1e+08 1e+08 1e+08 1e+08 
1e+08 1e+08 1e+08 1e+08 1e+08 1e+08 1e+08 1e+08 1e+08 1e+08 1e+08 1e+08 1e+08 1e+08 18.3016 1e+08 1e+08 1e+08 1e+08 1e+08 1e+08 1e+08 1e+08 1e+08 1e+08 1e+08 1e+08 1e+08 1e+08 1e+08 1e+08 1e+08 1e+08 1e+08 1e+08 1e+08 1e+08 1e+08 1e+08 1e+08 1e+08 1e+08 1e+08 1e+08 1e+08 19.6328 9.01291 1e+08 1e+08 
1e+08 1e+08 1e+08 1e+08 1e+08 1e+08 1e+08 1e+08 1e+08 1e+08 1e+08 1e+08 1e+08 18.3016 1e+08 9.05797 1e+08 1e+08 1e+08 1e+08 1e+08 1e+08 1e+08 1e+08 1e+08 1e+08 1e+08 1e+08 6.72405 1e+08 1e+08 1e+08 1e+08 1e+08 1e+08 1e+08 1e+08 1e+08 1e+08 1e+08 1e+08 1e+08 1e+08 1e+08 1e+08 1e+08 1e+08 1e+08 1e+08 
1e+08 1e+08 1e+08 1e+08 1e+08 1e+08 1e+08 1e+08 1e+08 1e+08 1e+08 1e+08 1e+08 1e+08 9.05797 1e+08 9.52817 1e+08 1e+08 1e+08 1e+08 1e+08 1e+08 1e+08 1e+08 1e+08 1e+08 9.00576 1e+08 1e+08 1e+08 1e+08 1e+08 1e+08 1e+08 1e+08 1e+08 1e+08 1e+08 1e+08 1e+08 1e+08 1e+08 1e+08 1e+08 1e+08 1e+08 1e+08 1e+08 
1e+08 1e+08 1e+08 1e+08 1e+08 1e+08 1e+08 1e+08 1e+08 1e+08 1e+08 1e+08 1e+08 1e+08 1e+08 9.52817 1e+08 9.57928 1e+08 1e+08 1e+08 1e+08 1e+08 1e+08 1e+08 1e+08 9.343 1e+08 1e+08 1e+08 1e+08 1e+08 1e+08 1e+08 1e+08 1e+08 1e+08 1e+08 1e+08 1e+08 1e+08 1e+08 1e+08 1e+08 1e+08 1e+08 1e+08 1e+08 1e+08 
1e+08 1e+08 1e+08 1e+08 1e+08 1e+08 1e+08 1e+08 1e+08 1e+08 1e+08 1e+08 1e+08 1e+08 1e+08 1e+08 9.57928 1e+08 9.03179 1e+08 1e+08 1e+08 1e+08 1e+08 1e+08 19.305 1e+08 1e+08 1e+08 1e+08 1e+08 1e+08 1e+08 1e+08 1e+08 1e+08 1e+08 1e+08 1e+08 1e+08 1e+08 1e+08 1e+08 1e+08 1e+08 1e+08 1e+08 1e+08 1e+08 
1e+08 1e+08 1e+08 1e+08 1e+08 1e+08 1e+08 1e+08 19.1718 1e+08 1e+08 1e+08 1e+08 1e+08 1e+08 1e+08 1e+08 9.03179 1e+08 9.00576 1e+08 1e+08 1e+08 1e+08 1e+08 1e+08 1e+08 1e+08 1e+08 1e+08 1e+08 1e+08 1e+08 1e+08 1e+08 1e+08 1e+08 1e+08 1e+08 1e+08 1e+08 1e+08 1e+08 1e+08 1e+08 1e+08 1e+08 1e+08 1e+08 
1e+08 1e+08 1e+08 1e+08 1e+08 1e+08 1e+08 18.3554 1e+08 1e+08 1e+08 1e+08 1e+08 1e+08 1e+08 1e+08 1e+08 1e+08 9.00576 1e+08 9.03244 1e+08 1e+08 1e+08 1e+08 1e+08 1e+08 1e+08 1e+08 1e+08 1e+08 1e+08 1e+08 1e+08 1e+08 1e+08 1e+08 1e+08 1e+08 1e+08 1e+08 1e+08 1e+08 1e+08 1e+08 1e+08 1e+08 1e+08 1e+08 
1e+08 1e+08 1e+08 1e+08 1e+08 1e+08 1e+08 1e+08 1e+08 1e+08 1e+08 1e+08 1e+08 1e+08 1e+08 1e+08 1e+08 1e+08 1e+08 9.03244 1e+08 1e+08 1e+08 1e+08 1e+08 1e+08 1e+08 1e+08 1e+08 1e+08 1e+08 1e+08 1e+08 1e+08 1e+08 1e+08 1e+08 1e+08 1e+08 1e+08 1e+08 1e+08 1e+08 1e+08 1e+08 1e+08 1e+08 1e+08 1e+08 
1e+08 1e+08 1e+08 1e+08 1e+08 1e+08 1e+08 1e+08 1e+08 1e+08 1e+08 1e+08 1e+08 1e+08 1e+08 1e+08 1e+08 1e+08 1e+08 1e+08 1e+08 1e+08 9.40557 1e+08 1e+08 1e+08 1e+08 1e+08 1e+08 1e+08 1e+08 1e+08 1e+08 1e+08 1e+08 1e+08 1e+08 1e+08 1e+08 1e+08 1e+08 1e+08 1e+08 1e+08 1e+08 1e+08 1e+08 1e+08 1e+08 
1e+08 1e+08 1e+08 1e+08 1e+08 1e+08 1e+08 1e+08 1e+08 1e+08 1e+08 1e+08 1e+08 1e+08 1e+08 1e+08 1e+08 1e+08 1e+08 1e+08 1e+08 9.40557 1e+08 1e+08 18.0115 1e+08 1e+08 1e+08 1e+08 1e+08 1e+08 1e+08 1e+08 1e+08 1e+08 44.484 1e+08 1e+08 1e+08 1e+08 1e+08 1e+08 1e+08 1e+08 1e+08 1e+08 1e+08 1e+08 1e+08 
1e+08 1e+08 18.1951 1e+08 1e+08 1e+08 1e+08 1e+08 1e+08 1e+08 1e+08 1e+08 9.13743 1e+08 1e+08 1e+08 1e+08 1e+08 1e+08 1e+08 1e+08 1e+08 1e+08 1e+08 1e+08 1e+08 1e+08 1e+08 1e+08 1e+08 1e+08 1e+08 1e+08 1e+08 8.99993 1e+08 1e+08 1e+08 1e+08 1e+08 1e+08 1e+08 1e+08 1e+08 1e+08 19.6183 1e+08 1e+08 1e+08 
1e+08 1e+08 1e+08 1e+08 1e+08 1e+08 1e+08 1e+08 1e+08 1e+08 1e+08 1e+08 1e+08 1e+08 1e+08 1e+08 1e+08 1e+08 1e+08 1e+08 1e+08 1e+08 18.0115 1e+08 1e+08 9.04552 1e+08 1e+08 1e+08 1e+08 1e+08 1e+08 1e+08 19.1131 1e+08 1e+08 1e+08 1e+08 1e+08 1e+08 1e+08 1e+08 1e+08 1e+08 1e+08 1e+08 1e+08 1e+08 1e+08 
1e+08 1e+08 1e+08 1e+08 1e+08 1e+08 1e+08 1e+08 1e+08 1e+08 1e+08 1e+08 1e+08 1e+08 1e+08 1e+08 1e+08 19.305 1e+08 1e+08 1e+08 1e+08 1e+08 1e+08 9.04552 1e+08 9.02592 1e+08 1e+08 1e+08 1e+08 1e+08 18.0245 1e+08 1e+08 1e+08 1e+08 1e+08 1e+08 1e+08 1e+08 1e+08 1e+08 1e+08 1e+08 1e+08 1e+08 1e+08 1e+08 
1e+08 1e+08 1e+08 1e+08 1e+08 1e+08 1e+08 1e+08 1e+08 1e+08 1e+08 1e+08 1e+08 1e+08 1e+08 1e+08 9.343 1e+08 1e+08 1e+08 1e+08 1e+08 1e+08 1e+08 1e+08 9.02592 1e+08 9.01226 1e+08 1e+08 1e+08 1e+08 1e+08 1e+08 1e+08 1e+08 1e+08 1e+08 1e+08 1e+08 1e+08 1e+08 1e+08 1e+08 1e+08 1e+08 1e+08 1e+08 1e+08 
1e+08 1e+08 1e+08 1e+08 1e+08 1e+08 1e+08 1e+08 1e+08 1e+08 1e+08 1e+08 1e+08 1e+08 1e+08 9.00576 1e+08 1e+08 1e+08 1e+08 1e+08 1e+08 1e+08 1e+08 1e+08 1e+08 9.01226 1e+08 9.00641 1e+08 34.1997 1e+08 1e+08 1e+08 1e+08 1e+08 1e+08 1e+08 1e+08 1e+08 1e+08 1e+08 1e+08 1e+08 1e+08 1e+08 1e+08 1e+08 1e+08 
1e+08 1e+08 1e+08 1e+08 1e+08 1e+08 1e+08 1e+08 1e+08 1e+08 1e+08 1e+08 1e+08 1e+08 6.72405 1e+08 1e+08 1e+08 1e+08 1e+08 1e+08 1e+08 1e+08 1e+08 1e+08 1e+08 1e+08 9.00641 1e+08 6.11696 1e+08 1e+08 1e+08 1e+08 1e+08 1e+08 1e+08 1e+08 1e+08 1e+08 1e+08 1e+08 1e+08 1e+08 1e+08 1e+08 1e+08 1e+08 1e+08 
1e+08 1e+08 1e+08 1e+08 1e+08 1e+08 1e+08 1e+08 1e+08 1e+08 1e+08 1e+08 1e+08 1e+08 1e+08 1e+08 1e+08 1e+08 1e+08 1e+08 1e+08 1e+08 1e+08 1e+08 1e+08 1e+08 1e+08 1e+08 6.11696 1e+08 6.22665 1e+08 1e+08 1e+08 1e+08 1e+08 1e+08 1e+08 1e+08 1e+08 1e+08 1e+08 1e+08 9.05207 1e+08 1e+08 1e+08 1e+08 1e+08 
1e+08 1e+08 1e+08 1e+08 1e+08 1e+08 1e+08 1e+08 1e+08 1e+08 1e+08 1e+08 1e+08 1e+08 1e+08 1e+08 1e+08 1e+08 1e+08 1e+08 1e+08 1e+08 1e+08 1e+08 1e+08 1e+08 1e+08 34.1997 1e+08 6.22665 1e+08 6.15915 1e+08 1e+08 1e+08 1e+08 1e+08 1e+08 1e+08 1e+08 1e+08 1e+08 1e+08 1e+08 1e+08 1e+08 1e+08 1e+08 1e+08 
1e+08 1e+08 1e+08 1e+08 1e+08 1e+08 1e+08 1e+08 1e+08 1e+08 1e+08 1e+08 1e+08 1e+08 1e+08 1e+08 1e+08 1e+08 1e+08 1e+08 1e+08 1e+08 1e+08 1e+08 1e+08 1e+08 1e+08 1e+08 1e+08 1e+08 6.15915 1e+08 6.3597 1e+08 1e+08 1e+08 1e+08 1e+08 1e+08 1e+08 1e+08 18.3959 1e+08 1e+08 1e+08 1e+08 1e+08 1e+08 1e+08 
1e+08 1e+08 1e+08 1e+08 1e+08 1e+08 1e+08 1e+08 1e+08 1e+08 1e+08 1e+08 1e+08 1e+08 1e+08 1e+08 1e+08 1e+08 1e+08 1e+08 1e+08 1e+08 1e+08 1e+08 1e+08 18.0245 1e+08 1e+08 1e+08 1e+08 1e+08 6.3597 1e+08 6.3597 1e+08 1e+08 1e+08 1e+08 1e+08 1e+08 1e+08 1e+08 1e+08 1e+08 1e+08 1e+08 1e+08 1e+08 1e+08 
1e+08 1e+08 1e+08 1e+08 1e+08 1e+08 1e+08 1e+08 1e+08 1e+08 1e+08 1e+08 1e+08 1e+08 1e+08 1e+08 1e+08 1e+08 1e+08 1e+08 1e+08 1e+08 1e+08 1e+08 19.1131 1e+08 1e+08 1e+08 1e+08 1e+08 1e+08 1e+08 6.3597 1e+08 1e+08 9.27368 1e+08 1e+08 1e+08 18.3554 1e+08 1e+08 1e+08 1e+08 1e+08 1e+08 1e+08 1e+08 1e+08 
1e+08 1e+08 1e+08 1e+08 1e+08 1e+08 1e+08 1e+08 1e+08 1e+08 1e+08 1e+08 1e+08 1e+08 1e+08 1e+08 1e+08 1e+08 1e+08 1e+08 1e+08 1e+08 1e+08 8.99993 1e+08 1e+08 1e+08 1e+08 1e+08 1e+08 1e+08 1e+08 1e+08 1e+08 1e+08 1e+08 1e+08 1e+08 1e+08 1e+08 1e+08 1e+08 1e+08 1e+08 9.01941 18.546 1e+08 1e+08 23.6742 
1e+08 1e+08 1e+08 1e+08 1e+08 1e+08 1e+08 1e+08 1e+08 1e+08 1e+08 1e+08 1e+08 1e+08 1e+08 1e+08 1e+08 1e+08 1e+08 1e+08 1e+08 1e+08 44.484 1e+08 1e+08 1e+08 1e+08 1e+08 1e+08 1e+08 1e+08 1e+08 1e+08 9.27368 1e+08 1e+08 9.11145 1e+08 18.8679 1e+08 1e+08 1e+08 1e+08 1e+08 1e+08 1e+08 1e+08 1e+08 1e+08 
1e+08 1e+08 1e+08 1e+08 1e+08 1e+08 1e+08 1e+08 1e+08 1e+08 1e+08 1e+08 1e+08 1e+08 1e+08 1e+08 1e+08 1e+08 1e+08 1e+08 1e+08 1e+08 1e+08 1e+08 1e+08 1e+08 1e+08 1e+08 1e+08 1e+08 1e+08 1e+08 1e+08 1e+08 1e+08 9.11145 1e+08 1e+08 1e+08 1e+08 1e+08 1e+08 1e+08 1e+08 1e+08 1e+08 1e+08 1e+08 1e+08 
1e+08 1e+08 1e+08 1e+08 1e+08 1e+08 1e+08 1e+08 1e+08 1e+08 1e+08 1e+08 1e+08 1e+08 1e+08 1e+08 1e+08 1e+08 1e+08 1e+08 1e+08 1e+08 1e+08 1e+08 1e+08 1e+08 1e+08 1e+08 1e+08 1e+08 1e+08 1e+08 1e+08 1e+08 1e+08 1e+08 1e+08 1e+08 1e+08 1e+08 1e+08 1e+08 1e+08 1e+08 1e+08 1e+08 1e+08 1e+08 1e+08 
1e+08 1e+08 1e+08 1e+08 1e+08 1e+08 1e+08 1e+08 1e+08 1e+08 1e+08 1e+08 1e+08 1e+08 1e+08 1e+08 1e+08 1e+08 1e+08 1e+08 1e+08 1e+08 1e+08 1e+08 1e+08 1e+08 1e+08 1e+08 1e+08 1e+08 1e+08 1e+08 1e+08 1e+08 1e+08 18.8679 1e+08 1e+08 1e+08 9.01876 1e+08 1e+08 1e+08 1e+08 1e+08 1e+08 1e+08 1e+08 1e+08 
1e+08 1e+08 1e+08 1e+08 1e+08 1e+08 1e+08 1e+08 1e+08 1e+08 1e+08 1e+08 1e+08 1e+08 1e+08 1e+08 1e+08 1e+08 1e+08 1e+08 1e+08 1e+08 1e+08 1e+08 1e+08 1e+08 1e+08 1e+08 1e+08 1e+08 1e+08 1e+08 1e+08 18.3554 1e+08 1e+08 1e+08 1e+08 9.01876 1e+08 9.03179 1e+08 1e+08 1e+08 1e+08 1e+08 1e+08 1e+08 1e+08 
1e+08 1e+08 1e+08 1e+08 1e+08 1e+08 1e+08 1e+08 1e+08 1e+08 1e+08 1e+08 1e+08 1e+08 1e+08 1e+08 1e+08 1e+08 1e+08 1e+08 1e+08 1e+08 1e+08 1e+08 1e+08 1e+08 1e+08 1e+08 1e+08 1e+08 1e+08 1e+08 1e+08 1e+08 1e+08 1e+08 1e+08 1e+08 1e+08 9.03179 1e+08 9.05141 1e+08 1e+08 1e+08 1e+08 1e+08 1e+08 1e+08 
1e+08 1e+08 1e+08 1e+08 1e+08 1e+08 1e+08 1e+08 1e+08 1e+08 1e+08 1e+08 1e+08 1e+08 1e+08 1e+08 1e+08 1e+08 1e+08 1e+08 1e+08 1e+08 1e+08 1e+08 1e+08 1e+08 1e+08 1e+08 1e+08 1e+08 1e+08 18.3959 1e+08 1e+08 1e+08 1e+08 1e+08 1e+08 1e+08 1e+08 9.05141 1e+08 9.05141 1e+08 1e+08 1e+08 1e+08 1e+08 1e+08 
1e+08 1e+08 1e+08 1e+08 1e+08 1e+08 1e+08 1e+08 1e+08 1e+08 1e+08 1e+08 1e+08 1e+08 1e+08 1e+08 1e+08 1e+08 1e+08 1e+08 1e+08 1e+08 1e+08 1e+08 1e+08 1e+08 1e+08 1e+08 1e+08 1e+08 1e+08 1e+08 1e+08 1e+08 1e+08 1e+08 1e+08 1e+08 1e+08 1e+08 1e+08 9.05141 1e+08 9.01291 1e+08 1e+08 1e+08 1e+08 1e+08 
1e+08 1e+08 1e+08 1e+08 1e+08 1e+08 1e+08 1e+08 1e+08 1e+08 1e+08 1e+08 1e+08 1e+08 1e+08 1e+08 1e+08 1e+08 1e+08 1e+08 1e+08 1e+08 1e+08 1e+08 1e+08 1e+08 1e+08 1e+08 1e+08 9.05207 1e+08 1e+08 1e+08 1e+08 1e+08 1e+08 1e+08 1e+08 1e+08 1e+08 1e+08 1e+08 9.01291 1e+08 1e+08 1e+08 1e+08 1e+08 1e+08 
1e+08 1e+08 1e+08 1e+08 1e+08 1e+08 1e+08 1e+08 1e+08 1e+08 1e+08 1e+08 1e+08 1e+08 1e+08 1e+08 1e+08 1e+08 1e+08 1e+08 1e+08 1e+08 1e+08 1e+08 1e+08 1e+08 1e+08 1e+08 1e+08 1e+08 1e+08 1e+08 1e+08 1e+08 9.01941 1e+08 1e+08 1e+08 1e+08 1e+08 1e+08 1e+08 1e+08 1e+08 1e+08 9.28747 1e+08 1e+08 1e+08 
1e+08 1e+08 1e+08 1e+08 1e+08 1e+08 1e+08 1e+08 1e+08 1e+08 1e+08 1e+08 1e+08 19.6328 1e+08 1e+08 1e+08 1e+08 1e+08 1e+08 1e+08 1e+08 1e+08 19.6183 1e+08 1e+08 1e+08 1e+08 1e+08 1e+08 1e+08 1e+08 1e+08 1e+08 18.546 1e+08 1e+08 1e+08 1e+08 1e+08 1e+08 1e+08 1e+08 1e+08 9.28747 9.01291 9.00641 19.5932 1e+08 
1e+08 1e+08 1e+08 1e+08 1e+08 1e+08 1e+08 1e+08 1e+08 1e+08 1e+08 1e+08 1e+08 9.01291 1e+08 1e+08 1e+08 1e+08 1e+08 1e+08 1e+08 1e+08 1e+08 1e+08 1e+08 1e+08 1e+08 1e+08 1e+08 1e+08 1e+08 1e+08 1e+08 1e+08 1e+08 1e+08 1e+08 1e+08 1e+08 1e+08 1e+08 1e+08 1e+08 1e+08 1e+08 9.00641 1e+08 9.00641 1e+08 
1e+08 1e+08 1e+08 1e+08 1e+08 1e+08 1e+08 1e+08 1e+08 1e+08 1e+08 9.0652 1e+08 1e+08 1e+08 1e+08 1e+08 1e+08 1e+08 1e+08 1e+08 1e+08 1e+08 1e+08 1e+08 1e+08 1e+08 1e+08 1e+08 1e+08 1e+08 1e+08 1e+08 1e+08 1e+08 1e+08 1e+08 1e+08 1e+08 1e+08 1e+08 1e+08 1e+08 1e+08 1e+08 19.5932 9.00641 1e+08 9.05207 
1e+08 1e+08 9.58589 1e+08 1e+08 1e+08 1e+08 1e+08 1e+08 1e+08 9.76562 1e+08 1e+08 1e+08 1e+08 1e+08 1e+08 1e+08 1e+08 1e+08 1e+08 1e+08 1e+08 1e+08 1e+08 1e+08 1e+08 1e+08 1e+08 1e+08 1e+08 1e+08 1e+08 1e+08 23.6742 1e+08 1e+08 1e+08 1e+08 1e+08 1e+08 1e+08 1e+08 1e+08 1e+08 1e+08 1e+08 9.05207 1e+08 
1e+08 9.11743 1e+08 1e+08 1e+08 1e+08 1e+08 1e+08 1e+08 1e+08 1e+08 1e+08 1e+08 1e+08 1e+08 1e+08 1e+08 1e+08 1e+08 1e+08 1e+08 1e+08 1e+08 1e+08 1e+08 1e+08 1e+08 1e+08 1e+08 1e+08 1e+08 1e+08 1e+08 1e+08 1e+08 1e+08 1e+08 1e+08 1e+08 1e+08 1e+08 1e+08 1e+08 1e+08 1e+08 1e+08 1e+08 1e+08 1e+08 
9.11743 1e+08 1e+08 1e+08 18.4502 1e+08 1e+08 1e+08 1e+08 1e+08 1e+08 1e+08 6.2751 1e+08 1e+08 1e+08 1e+08 1e+08 1e+08 1e+08 1e+08 1e+08 1e+08 1e+08 1e+08 1e+08 1e+08 1e+08 1e+08 1e+08 1e+08 1e+08 1e+08 1e+08 1e+08 1e+08 1e+08 1e+08 1e+08 1e+08 1e+08 1e+08 1e+08 1e+08 1e+08 1e+08 1e+08 1e+08 1e+08 
1e+08 1e+08 1e+08 18.4502 1e+08 1e+08 1e+08 1e+08 1e+08 18.546 1e+08 1e+08 1e+08 1e+08 1e+08 1e+08 1e+08 1e+08 1e+08 1e+08 1e+08 1e+08 1e+08 18.1951 1e+08 1e+08 1e+08 1e+08 1e+08 1e+08 1e+08 1e+08 1e+08 1e+08 1e+08 1e+08 1e+08 1e+08 1e+08 1e+08 1e+08 1e+08 1e+08 1e+08 1e+08 1e+08 1e+08 1e+08 9.58589 
1e+08 1e+08 18.4502 1e+08 9.03898 1e+08 1e+08 1e+08 1e+08 1e+08 1e+08 1e+08 9.02592 1e+08 1e+08 1e+08 1e+08 1e+08 1e+08 1e+08 1e+08 1e+08 1e+08 1e+08 1e+08 1e+08 1e+08 1e+08 1e+08 1e+08 1e+08 1e+08 1e+08 1e+08 1e+08 1e+08 1e+08 1e+08 1e+08 1e+08 1e+08 1e+08 1e+08 1e+08 1e+08 1e+08 1e+08 1e+08 1e+08 
1e+08 18.4502 1e+08 9.03898 1e+08 9.00641 1e+08 1e+08 1e+08 1e+08 1e+08 1e+08 1e+08 1e+08 1e+08 1e+08 1e+08 1e+08 1e+08 1e+08 1e+08 1e+08 1e+08 1e+08 1e+08 1e+08 1e+08 1e+08 1e+08 1e+08 1e+08 1e+08 1e+08 1e+08 1e+08 1e+08 1e+08 1e+08 1e+08 1e+08 1e+08 1e+08 1e+08 1e+08 1e+08 1e+08 1e+08 1e+08 1e+08 
1e+08 1e+08 1e+08 1e+08 9.00641 1e+08 1e+08 1e+08 1e+08 1e+08 1e+08 1e+08 1e+08 1e+08 1e+08 1e+08 1e+08 1e+08 1e+08 1e+08 1e+08 1e+08 1e+08 1e+08 1e+08 1e+08 1e+08 1e+08 1e+08 1e+08 1e+08 1e+08 1e+08 1e+08 1e+08 1e+08 1e+08 1e+08 1e+08 1e+08 1e+08 1e+08 1e+08 1e+08 1e+08 1e+08 1e+08 1e+08 1e+08 
1e+08 1e+08 1e+08 1e+08 1e+08 1e+08 1e+08 9.07178 1e+08 1e+08 1e+08 1e+08 1e+08 1e+08 1e+08 1e+08 1e+08 1e+08 1e+08 1e+08 1e+08 1e+08 1e+08 1e+08 1e+08 1e+08 1e+08 1e+08 1e+08 1e+08 1e+08 1e+08 1e+08 1e+08 1e+08 1e+08 1e+08 1e+08 1e+08 1e+08 1e+08 1e+08 1e+08 1e+08 1e+08 1e+08 1e+08 1e+08 1e+08 
1e+08 1e+08 1e+08 1e+08 1e+08 1e+08 9.07178 1e+08 9.78933 1e+08 1e+08 1e+08 1e+08 1e+08 1e+08 1e+08 1e+08 1e+08 1e+08 18.3554 1e+08 1e+08 1e+08 1e+08 1e+08 1e+08 1e+08 1e+08 1e+08 1e+08 1e+08 1e+08 1e+08 1e+08 1e+08 1e+08 1e+08 1e+08 1e+08 1e+08 1e+08 1e+08 1e+08 1e+08 1e+08 1e+08 1e+08 1e+08 1e+08 
1e+08 1e+08 1e+08 1e+08 1e+08 1e+08 1e+08 9.78933 1e+08 9.09157 1e+08 1e+08 1e+08 1e+08 1e+08 1e+08 1e+08 1e+08 19.1718 1e+08 1e+08 1e+08 1e+08 1e+08 1e+08 1e+08 1e+08 1e+08 1e+08 1e+08 1e+08 1e+08 1e+08 1e+08 1e+08 1e+08 1e+08 1e+08 1e+08 1e+08 1e+08 1e+08 1e+08 1e+08 1e+08 1e+08 1e+08 1e+08 1e+08 
1e+08 1e+08 18.546 1e+08 1e+08 1e+08 1e+08 1e+08 9.09157 1e+08 8.99993 1e+08 1e+08 1e+08 1e+08 1e+08 1e+08 1e+08 1e+08 1e+08 1e+08 1e+08 1e+08 1e+08 1e+08 1e+08 1e+08 1e+08 1e+08 1e+08 1e+08 1e+08 1e+08 1e+08 1e+08 1e+08 1e+08 1e+08 1e+08 1e+08 1e+08 1e+08 1e+08 1e+08 1e+08 1e+08 1e+08 1e+08 1e+08 
1e+08 1e+08 1e+08 1e+08 1e+08 1e+08 1e+08 1e+08 1e+08 8.99993 1e+08 18.1686 1e+08 1e+08 1e+08 1e+08 1e+08 1e+08 1e+08 1e+08 1e+08 1e+08 1e+08 1e+08 1e+08 1e+08 1e+08 1e+08 1e+08 1e+08 1e+08 1e+08 1e+08 1e+08 1e+08 1e+08 1e+08 1e+08 1e+08 1e+08 1e+08 1e+08 1e+08 1e+08 1e+08 1e+08 1e+08 1e+08 9.43396 
1e+08 1e+08 1e+08 1e+08 1e+08 1e+08 1e+08 1e+08 1e+08 1e+08 18.1686 1e+08 1e+08 1e+08 1e+08 1e+08 1e+08 1e+08 1e+08 1e+08 1e+08 1e+08 1e+08 1e+08 1e+08 1e+08 1e+08 1e+08 1e+08 1e+08 1e+08 1e+08 1e+08 1e+08 1e+08 1e+08 1e+08 1e+08 1e+08 1e+08 1e+08 1e+08 1e+08 1e+08 1e+08 1e+08 1e+08 9.0652 1e+08 
1e+08 6.2751 1e+08 9.02592 1e+08 1e+08 1e+08 1e+08 1e+08 1e+08 1e+08 1e+08 1e+08 1e+08 1e+08 1e+08 1e+08 1e+08 1e+08 1e+08 1e+08 1e+08 1e+08 9.13743 1e+08 1e+08 1e+08 1e+08 1e+08 1e+08 1e+08 1e+08 1e+08 1e+08 1e+08 1e+08 1e+08 1e+08 1e+08 1e+08 1e+08 1e+08 1e+08 1e+08 1e+08 1e+08 1e+08 1e+08 1e+08 
1e+08 1e+08 1e+08 1e+08 1e+08 1e+08 1e+08 1e+08 1e+08 1e+08 1e+08 1e+08 1e+08 1e+08 18.3016 1e+08 1e+08 1e+08 1e+08 1e+08 1e+08 1e+08 1e+08 1e+08 1e+08 1e+08 1e+08 1e+08 1e+08 1e+08 1e+08 1e+08 1e+08 1e+08 1e+08 1e+08 1e+08 1e+08 1e+08 1e+08 1e+08 1e+08 1e+08 1e+08 1e+08 19.6328 9.01291 1e+08 1e+08 
1e+08 1e+08 1e+08 1e+08 1e+08 1e+08 1e+08 1e+08 1e+08 1e+08 1e+08 1e+08 1e+08 18.3016 1e+08 9.19118 1e+08 1e+08 1e+08 1e+08 1e+08 1e+08 1e+08 1e+08 1e+08 1e+08 1e+08 1e+08 6.72405 1e+08 1e+08 1e+08 1e+08 1e+08 1e+08 1e+08 1e+08 1e+08 1e+08 1e+08 1e+08 1e+08 1e+08 1e+08 1e+08 1e+08 1e+08 1e+08 1e+08 
1e+08 1e+08 1e+08 1e+08 1e+08 1e+08 1e+08 1e+08 1e+08 1e+08 1e+08 1e+08 1e+08 1e+08 9.19118 1e+08 9.52744 1e+08 1e+08 1e+08 1e+08 1e+08 1e+08 1e+08 1e+08 1e+08 1e+08 9.07836 1e+08 1e+08 1e+08 1e+08 1e+08 1e+08 1e+08 1e+08 1e+08 1e+08 1e+08 1e+08 1e+08 1e+08 1e+08 1e+08 1e+08 1e+08 1e+08 1e+08 1e+08 
1e+08 1e+08 1e+08 1e+08 1e+08 1e+08 1e+08 1e+08 1e+08 1e+08 1e+08 1e+08 1e+08 1e+08 1e+08 9.52744 1e+08 9.57928 1e+08 1e+08 1e+08 1e+08 1e+08 1e+08 1e+08 1e+08 9.3423 1e+08 1e+08 1e+08 1e+08 1e+08 1e+08 1e+08 1e+08 1e+08 1e+08 1e+08 1e+08 1e+08 1e+08 1e+08 1e+08 1e+08 1e+08 1e+08 1e+08 1e+08 1e+08 
1e+08 1e+08 1e+08 1e+08 1e+08 1e+08 1e+08 1e+08 1e+08 1e+08 1e+08 1e+08 1e+08 1e+08 1e+08 1e+08 9.57928 1e+08 9.03244 1e+08 1e+08 1e+08 1e+08 1e+08 1e+08 19.305 1e+08 1e+08 1e+08 1e+08 1e+08 1e+08 1e+08 1e+08 1e+08 1e+08 1e+08 1e+08 1e+08 1e+08 1e+08 1e+08 1e+08 1e+08 1e+08 1e+08 1e+08 1e+08 1e+08 
1e+08 1e+08 1e+08 1e+08 1e+08 1e+08 1e+08 1e+08 19.1718 1e+08 1e+08 1e+08 1e+08 1e+08 1e+08 1e+08 1e+08 9.03244 1e+08 9.00576 1e+08 1e+08 1e+08 1e+08 1e+08 1e+08 1e+08 1e+08 1e+08 1e+08 1e+08 1e+08 1e+08 1e+08 1e+08 1e+08 1e+08 1e+08 1e+08 1e+08 1e+08 1e+08 1e+08 1e+08 1e+08 1e+08 1e+08 1e+08 1e+08 
1e+08 1e+08 1e+08 1e+08 1e+08 1e+08 1e+08 18.3554 1e+08 1e+08 1e+08 1e+08 1e+08 1e+08 1e+08 1e+08 1e+08 1e+08 9.00576 1e+08 9.03244 1e+08 1e+08 1e+08 1e+08 1e+08 1e+08 1e+08 1e+08 1e+08 1e+08 1e+08 1e+08 1e+08 1e+08 1e+08 1e+08 1e+08 1e+08 1e+08 1e+08 1e+08 1e+08 1e+08 1e+08 1e+08 1e+08 1e+08 1e+08 
1e+08 1e+08 1e+08 1e+08 1e+08 1e+08 1e+08 1e+08 1e+08 1e+08 1e+08 1e+08 1e+08 1e+08 1e+08 1e+08 1e+08 1e+08 1e+08 9.03244 1e+08 1e+08 1e+08 1e+08 1e+08 1e+08 1e+08 1e+08 1e+08 1e+08 1e+08 1e+08 1e+08 1e+08 1e+08 1e+08 1e+08 1e+08 1e+08 1e+08 1e+08 1e+08 1e+08 1e+08 1e+08 1e+08 1e+08 1e+08 1e+08 
1e+08 1e+08 1e+08 1e+08 1e+08 1e+08 1e+08 1e+08 1e+08 1e+08 1e+08 1e+08 1e+08 1e+08 1e+08 1e+08 1e+08 1e+08 1e+08 1e+08 1e+08 1e+08 9.40628 1e+08 1e+08 1e+08 1e+08 1e+08 1e+08 1e+08 1e+08 1e+08 1e+08 1e+08 1e+08 1e+08 1e+08 1e+08 1e+08 1e+08 1e+08 1e+08 1e+08 1e+08 1e+08 1e+08 1e+08 1e+08 1e+08 
1e+08 1e+08 1e+08 1e+08 1e+08 1e+08 1e+08 1e+08 1e+08 1e+08 1e+08 1e+08 1e+08 1e+08 1e+08 1e+08 1e+08 1e+08 1e+08 1e+08 1e+08 9.40628 1e+08 1e+08 9.17835 1e+08 1e+08 1e+08 1e+08 1e+08 1e+08 1e+08 1e+08 1e+08 1e+08 44.484 1e+08 1e+08 1e+08 1e+08 1e+08 1e+08 1e+08 1e+08 1e+08 1e+08 1e+08 1e+08 1e+08 
1e+08 1e+08 18.1951 1e+08 1e+08 1e+08 1e+08 1e+08 1e+08 1e+08 1e+08 1e+08 9.13743 1e+08 1e+08 1e+08 1e+08 1e+08 1e+08 1e+08 1e+08 1e+08 1e+08 1e+08 1e+08 1e+08 1e+08 1e+08 1e+08 1e+08 1e+08 1e+08 1e+08 1e+08 8.99993 1e+08 1e+08 1e+08 1e+08 1e+08 1e+08 1e+08 1e+08 1e+08 1e+08 19.6183 1e+08 1e+08 1e+08 
1e+08 1e+08 1e+08 1e+08 1e+08 1e+08 1e+08 1e+08 1e+08 1e+08 1e+08 1e+08 1e+08 1e+08 1e+08 1e+08 1e+08 1e+08 1e+08 1e+08 1e+08 1e+08 9.17835 1e+08 1e+08 9.04486 1e+08 1e+08 1e+08 1e+08 1e+08 1e+08 1e+08 1e+08 1e+08 1e+08 1e+08 1e+08 1e+08 1e+08 1e+08 1e+08 1e+08 1e+08 1e+08 1e+08 1e+08 1e+08 1e+08 
1e+08 1e+08 1e+08 1e+08 1e+08 1e+08 1e+08 1e+08 1e+08 1e+08 1e+08 1e+08 1e+08 1e+08 1e+08 1e+08 1e+08 19.305 1e+08 1e+08 1e+08 1e+08 1e+08 1e+08 9.04486 1e+08 9.02592 1e+08 1e+08 1e+08 1e+08 1e+08 18.0245 1e+08 1e+08 1e+08 1e+08 1e+08 1e+08 1e+08 1e+08 1e+08 1e+08 1e+08 1e+08 1e+08 1e+08 1e+08 1e+08 
1e+08 1e+08 1e+08 1e+08 1e+08 1e+08 1e+08 1e+08 1e+08 1e+08 1e+08 1e+08 1e+08 1e+08 1e+08 1e+08 9.3423 1e+08 1e+08 1e+08 1e+08 1e+08 1e+08 1e+08 1e+08 9.02592 1e+08 9.01291 1e+08 1e+08 1e+08 1e+08 1e+08 1e+08 1e+08 1e+08 1e+08 1e+08 1e+08 1e+08 1e+08 1e+08 1e+08 1e+08 1e+08 1e+08 1e+08 1e+08 1e+08 
1e+08 1e+08 1e+08 1e+08 1e+08 1e+08 1e+08 1e+08 1e+08 1e+08 1e+08 1e+08 1e+08 1e+08 1e+08 9.07836 1e+08 1e+08 1e+08 1e+08 1e+08 1e+08 1e+08 1e+08 1e+08 1e+08 9.01291 1e+08 9.00641 1e+08 34.1997 1e+08 1e+08 1e+08 1e+08 1e+08 1e+08 1e+08 1e+08 1e+08 1e+08 1e+08 1e+08 1e+08 1e+08 1e+08 1e+08 1e+08 1e+08 
1e+08 1e+08 1e+08 1e+08 1e+08 1e+08 1e+08 1e+08 1e+08 1e+08 1e+08 1e+08 1e+08 1e+08 6.72405 1e+08 1e+08 1e+08 1e+08 1e+08 1e+08 1e+08 1e+08 1e+08 1e+08 1e+08 1e+08 9.00641 1e+08 6.11696 1e+08 1e+08 1e+08 1e+08 1e+08 1e+08 1e+08 1e+08 1e+08 1e+08 1e+08 1e+08 1e+08 1e+08 1e+08 1e+08 1e+08 1e+08 1e+08 
1e+08 1e+08 1e+08 1e+08 1e+08 1e+08 1e+08 1e+08 1e+08 1e+08 1e+08 1e+08 1e+08 1e+08 1e+08 1e+08 1e+08 1e+08 1e+08 1e+08 1e+08 1e+08 1e+08 1e+08 1e+08 1e+08 1e+08 1e+08 6.11696 1e+08 6.22665 1e+08 1e+08 1e+08 1e+08 1e+08 1e+08 1e+08 1e+08 1e+08 1e+08 1e+08 1e+08 9.05207 1e+08 1e+08 1e+08 1e+08 1e+08 
1e+08 1e+08 1e+08 1e+08 1e+08 1e+08 1e+08 1e+08 1e+08 1e+08 1e+08 1e+08 1e+08 1e+08 1e+08 1e+08 1e+08 1e+08 1e+08 1e+08 1e+08 1e+08 1e+08 1e+08 1e+08 1e+08 1e+08 34.1997 1e+08 6.22665 1e+08 6.15915 1e+08 1e+08 1e+08 1e+08 1e+08 1e+08 1e+08 1e+08 1e+08 1e+08 1e+08 1e+08 1e+08 1e+08 1e+08 1e+08 1e+08 
1e+08 1e+08 1e+08 1e+08 1e+08 1e+08 1e+08 1e+08 1e+08 1e+08 1e+08 1e+08 1e+08 1e+08 1e+08 1e+08 1e+08 1e+08 1e+08 1e+08 1e+08 1e+08 1e+08 1e+08 1e+08 1e+08 1e+08 1e+08 1e+08 1e+08 6.15915 1e+08 6.3597 1e+08 1e+08 1e+08 1e+08 1e+08 1e+08 1e+08 1e+08 18.3959 1e+08 1e+08 1e+08 1e+08 1e+08 1e+08 1e+08 
1e+08 1e+08 1e+08 1e+08 1e+08 1e+08 1e+08 1e+08 1e+08 1e+08 1e+08 1e+08 1e+08 1e+08 1e+08 1e+08 1e+08 1e+08 1e+08 1e+08 1e+08 1e+08 1e+08 1e+08 1e+08 18.0245 1e+08 1e+08 1e+08 1e+08 1e+08 6.3597 1e+08 6.3597 1e+08 1e+08 1e+08 1e+08 1e+08 1e+08 1e+08 1e+08 1e+08 1e+08 1e+08 1e+08 1e+08 1e+08 1e+08 
1e+08 1e+08 1e+08 1e+08 1e+08 1e+08 1e+08 1e+08 1e+08 1e+08 1e+08 1e+08 1e+08 1e+08 1e+08 1e+08 1e+08 1e+08 1e+08 1e+08 1e+08 1e+08 1e+08 1e+08 1e+08 1e+08 1e+08 1e+08 1e+08 1e+08 1e+08 1e+08 6.3597 1e+08 1e+08 9.273 1e+08 1e+08 1e+08 18.3554 1e+08 1e+08 1e+08 1e+08 1e+08 1e+08 1e+08 1e+08 1e+08 
1e+08 1e+08 1e+08 1e+08 1e+08 1e+08 1e+08 1e+08 1e+08 1e+08 1e+08 1e+08 1e+08 1e+08 1e+08 1e+08 1e+08 1e+08 1e+08 1e+08 1e+08 1e+08 1e+08 8.99993 1e+08 1e+08 1e+08 1e+08 1e+08 1e+08 1e+08 1e+08 1e+08 1e+08 1e+08 1e+08 1e+08 1e+08 1e+08 1e+08 1e+08 1e+08 1e+08 1e+08 9.01876 18.546 1e+08 1e+08 23.6742 
1e+08 1e+08 1e+08 1e+08 1e+08 1e+08 1e+08 1e+08 1e+08 1e+08 1e+08 1e+08 1e+08 1e+08 1e+08 1e+08 1e+08 1e+08 1e+08 1e+08 1e+08 1e+08 44.484 1e+08 1e+08 1e+08 1e+08 1e+08 1e+08 1e+08 1e+08 1e+08 1e+08 9.273 1e+08 1e+08 9.11145 1e+08 18.8679 1e+08 1e+08 1e+08 1e+08 1e+08 1e+08 1e+08 1e+08 1e+08 1e+08 
1e+08 1e+08 1e+08 1e+08 1e+08 1e+08 1e+08 1e+08 1e+08 1e+08 1e+08 1e+08 1e+08 1e+08 1e+08 1e+08 1e+08 1e+08 1e+08 1e+08 1e+08 1e+08 1e+08 1e+08 1e+08 1e+08 1e+08 1e+08 1e+08 1e+08 1e+08 1e+08 1e+08 1e+08 1e+08 9.11145 1e+08 1e+08 1e+08 1e+08 1e+08 1e+08 1e+08 1e+08 1e+08 1e+08 1e+08 1e+08 1e+08 
1e+08 1e+08 1e+08 1e+08 1e+08 1e+08 1e+08 1e+08 1e+08 1e+08 1e+08 1e+08 1e+08 1e+08 1e+08 1e+08 1e+08 1e+08 1e+08 1e+08 1e+08 1e+08 1e+08 1e+08 1e+08 1e+08 1e+08 1e+08 1e+08 1e+08 1e+08 1e+08 1e+08 1e+08 1e+08 1e+08 1e+08 1e+08 1e+08 1e+08 1e+08 1e+08 1e+08 1e+08 1e+08 1e+08 1e+08 1e+08 1e+08 
1e+08 1e+08 1e+08 1e+08 1e+08 1e+08 1e+08 1e+08 1e+08 1e+08 1e+08 1e+08 1e+08 1e+08 1e+08 1e+08 1e+08 1e+08 1e+08 1e+08 1e+08 1e+08 1e+08 1e+08 1e+08 1e+08 1e+08 1e+08 1e+08 1e+08 1e+08 1e+08 1e+08 1e+08 1e+08 18.8679 1e+08 1e+08 1e+08 9.01941 1e+08 1e+08 1e+08 1e+08 1e+08 1e+08 1e+08 1e+08 1e+08 
1e+08 1e+08 1e+08 1e+08 1e+08 1e+08 1e+08 1e+08 1e+08 1e+08 1e+08 1e+08 1e+08 1e+08 1e+08 1e+08 1e+08 1e+08 1e+08 1e+08 1e+08 1e+08 1e+08 1e+08 1e+08 1e+08 1e+08 1e+08 1e+08 1e+08 1e+08 1e+08 1e+08 18.3554 1e+08 1e+08 1e+08 1e+08 9.01941 1e+08 9.03244 1e+08 1e+08 1e+08 1e+08 1e+08 1e+08 1e+08 1e+08 
1e+08 1e+08 1e+08 1e+08 1e+08 1e+08 1e+08 1e+08 1e+08 1e+08 1e+08 1e+08 1e+08 1e+08 1e+08 1e+08 1e+08 1e+08 1e+08 1e+08 1e+08 1e+08 1e+08 1e+08 1e+08 1e+08 1e+08 1e+08 1e+08 1e+08 1e+08 1e+08 1e+08 1e+08 1e+08 1e+08 1e+08 1e+08 1e+08 9.03244 1e+08 9.05141 1e+08 1e+08 1e+08 1e+08 1e+08 1e+08 1e+08 
1e+08 1e+08 1e+08 1e+08 1e+08 1e+08 1e+08 1e+08 1e+08 1e+08 1e+08 1e+08 1e+08 1e+08 1e+08 1e+08 1e+08 1e+08 1e+08 1e+08 1e+08 1e+08 1e+08 1e+08 1e+08 1e+08 1e+08 1e+08 1e+08 1e+08 1e+08 18.3959 1e+08 1e+08 1e+08 1e+08 1e+08 1e+08 1e+08 1e+08 9.05141 1e+08 9.05141 1e+08 1e+08 1e+08 1e+08 1e+08 1e+08 
1e+08 1e+08 1e+08 1e+08 1e+08 1e+08 1e+08 1e+08 1e+08 1e+08 1e+08 1e+08 1e+08 1e+08 1e+08 1e+08 1e+08 1e+08 1e+08 1e+08 1e+08 1e+08 1e+08 1e+08 1e+08 1e+08 1e+08 1e+08 1e+08 1e+08 1e+08 1e+08 1e+08 1e+08 1e+08 1e+08 1e+08 1e+08 1e+08 1e+08 1e+08 9.05141 1e+08 9.01291 1e+08 1e+08 1e+08 1e+08 1e+08 
1e+08 1e+08 1e+08 1e+08 1e+08 1e+08 1e+08 1e+08 1e+08 1e+08 1e+08 1e+08 1e+08 1e+08 1e+08 1e+08 1e+08 1e+08 1e+08 1e+08 1e+08 1e+08 1e+08 1e+08 1e+08 1e+08 1e+08 1e+08 1e+08 9.05207 1e+08 1e+08 1e+08 1e+08 1e+08 1e+08 1e+08 1e+08 1e+08 1e+08 1e+08 1e+08 9.01291 1e+08 1e+08 1e+08 1e+08 1e+08 1e+08 
1e+08 1e+08 1e+08 1e+08 1e+08 1e+08 1e+08 1e+08 1e+08 1e+08 1e+08 1e+08 1e+08 1e+08 1e+08 1e+08 1e+08 1e+08 1e+08 1e+08 1e+08 1e+08 1e+08 1e+08 1e+08 1e+08 1e+08 1e+08 1e+08 1e+08 1e+08 1e+08 1e+08 1e+08 9.01876 1e+08 1e+08 1e+08 1e+08 1e+08 1e+08 1e+08 1e+08 1e+08 1e+08 9.28747 1e+08 1e+08 1e+08 
1e+08 1e+08 1e+08 1e+08 1e+08 1e+08 1e+08 1e+08 1e+08 1e+08 1e+08 1e+08 1e+08 19.6328 1e+08 1e+08 1e+08 1e+08 1e+08 1e+08 1e+08 1e+08 1e+08 19.6183 1e+08 1e+08 1e+08 1e+08 1e+08 1e+08 1e+08 1e+08 1e+08 1e+08 18.546 1e+08 1e+08 1e+08 1e+08 1e+08 1e+08 1e+08 1e+08 1e+08 9.28747 9.01291 9.00641 19.5932 1e+08 
1e+08 1e+08 1e+08 1e+08 1e+08 1e+08 1e+08 1e+08 1e+08 1e+08 1e+08 1e+08 1e+08 9.01291 1e+08 1e+08 1e+08 1e+08 1e+08 1e+08 1e+08 1e+08 1e+08 1e+08 1e+08 1e+08 1e+08 1e+08 1e+08 1e+08 1e+08 1e+08 1e+08 1e+08 1e+08 1e+08 1e+08 1e+08 1e+08 1e+08 1e+08 1e+08 1e+08 1e+08 1e+08 9.00641 1e+08 9.00641 1e+08 
1e+08 1e+08 1e+08 1e+08 1e+08 1e+08 1e+08 1e+08 1e+08 1e+08 1e+08 9.0652 1e+08 1e+08 1e+08 1e+08 1e+08 1e+08 1e+08 1e+08 1e+08 1e+08 1e+08 1e+08 1e+08 1e+08 1e+08 1e+08 1e+08 1e+08 1e+08 1e+08 1e+08 1e+08 1e+08 1e+08 1e+08 1e+08 1e+08 1e+08 1e+08 1e+08 1e+08 1e+08 1e+08 19.5932 9.00641 1e+08 9.05141 
1e+08 1e+08 9.58589 1e+08 1e+08 1e+08 1e+08 1e+08 1e+08 1e+08 9.43396 1e+08 1e+08 1e+08 1e+08 1e+08 1e+08 1e+08 1e+08 1e+08 1e+08 1e+08 1e+08 1e+08 1e+08 1e+08 1e+08 1e+08 1e+08 1e+08 1e+08 1e+08 1e+08 1e+08 23.6742 1e+08 1e+08 1e+08 1e+08 1e+08 1e+08 1e+08 1e+08 1e+08 1e+08 1e+08 1e+08 9.05141 1e+08 
1e+08 9.00576 1e+08 1e+08 1e+08 1e+08 1e+08 1e+08 1e+08 1e+08 1e+08 1e+08 1e+08 1e+08 1e+08 1e+08 1e+08 1e+08 1e+08 1e+08 1e+08 1e+08 1e+08 1e+08 1e+08 1e+08 1e+08 1e+08 1e+08 1e+08 1e+08 1e+08 1e+08 1e+08 1e+08 1e+08 1e+08 1e+08 1e+08 1e+08 1e+08 1e+08 1e+08 1e+08 1e+08 1e+08 1e+08 1e+08 1e+08 
9.00576 1e+08 1e+08 1e+08 18.4502 1e+08 1e+08 1e+08 1e+08 1e+08 1e+08 1e+08 6.2751 1e+08 1e+08 1e+08 1e+08 1e+08 1e+08 1e+08 1e+08 1e+08 1e+08 1e+08 1e+08 1e+08 1e+08 1e+08 1e+08 1e+08 1e+08 1e+08 1e+08 1e+08 1e+08 1e+08 1e+08 1e+08 1e+08 1e+08 1e+08 1e+08 1e+08 1e+08 1e+08 1e+08 1e+08 1e+08 1e+08 
1e+08 1e+08 1e+08 18.4502 1e+08 1e+08 1e+08 1e+08 1e+08 18.546 1e+08 1e+08 1e+08 1e+08 1e+08 1e+08 1e+08 1e+08 1e+08 1e+08 1e+08 1e+08 1e+08 18.1951 1e+08 1e+08 1e+08 1e+08 1e+08 1e+08 1e+08 1e+08 1e+08 1e+08 1e+08 1e+08 1e+08 1e+08 1e+08 1e+08 1e+08 1e+08 1e+08 1e+08 1e+08 1e+08 1e+08 1e+08 9.58662 
1e+08 1e+08 18.4502 1e+08 9.03898 1e+08 1e+08 1e+08 1e+08 1e+08 1e+08 1e+08 9.02592 1e+08 1e+08 1e+08 1e+08 1e+08 1e+08 1e+08 1e+08 1e+08 1e+08 1e+08 1e+08 1e+08 1e+08 1e+08 1e+08 1e+08 1e+08 1e+08 1e+08 1e+08 1e+08 1e+08 1e+08 1e+08 1e+08 1e+08 1e+08 1e+08 1e+08 1e+08 1e+08 1e+08 1e+08 1e+08 1e+08 
1e+08 18.4502 1e+08 9.03898 1e+08 9.00576 1e+08 1e+08 1e+08 1e+08 1e+08 1e+08 1e+08 1e+08 1e+08 1e+08 1e+08 1e+08 1e+08 1e+08 1e+08 1e+08 1e+08 1e+08 1e+08 1e+08 1e+08 1e+08 1e+08 1e+08 1e+08 1e+08 1e+08 1e+08 1e+08 1e+08 1e+08 1e+08 1e+08 1e+08 1e+08 1e+08 1e+08 1e+08 1e+08 1e+08 1e+08 1e+08 1e+08 
1e+08 1e+08 1e+08 1e+08 9.00576 1e+08 1e+08 1e+08 1e+08 1e+08 1e+08 1e+08 1e+08 1e+08 1e+08 1e+08 1e+08 1e+08 1e+08 1e+08 1e+08 1e+08 1e+08 1e+08 1e+08 1e+08 1e+08 1e+08 1e+08 1e+08 1e+08 1e+08 1e+08 1e+08 1e+08 1e+08 1e+08 1e+08 1e+08 1e+08 1e+08 1e+08 1e+08 1e+08 1e+08 1e+08 1e+08 1e+08 1e+08 
1e+08 1e+08 1e+08 1e+08 1e+08 1e+08 1e+08 9.07178 1e+08 1e+08 1e+08 1e+08 1e+08 1e+08 1e+08 1e+08 1e+08 1e+08 1e+08 1e+08 1e+08 1e+08 1e+08 1e+08 1e+08 1e+08 1e+08 1e+08 1e+08 1e+08 1e+08 1e+08 1e+08 1e+08 1e+08 1e+08 1e+08 1e+08 1e+08 1e+08 1e+08 1e+08 1e+08 1e+08 1e+08 1e+08 1e+08 1e+08 1e+08 
1e+08 1e+08 1e+08 1e+08 1e+08 1e+08 9.07178 1e+08 9.55731 1e+08 1e+08 1e+08 1e+08 1e+08 1e+08 1e+08 1e+08 1e+08 1e+08 18.3554 1e+08 1e+08 1e+08 1e+08 1e+08 1e+08 1e+08 1e+08 1e+08 1e+08 1e+08 1e+08 1e+08 1e+08 1e+08 1e+08 1e+08 1e+08 1e+08 1e+08 1e+08 1e+08 1e+08 1e+08 1e+08 1e+08 1e+08 1e+08 1e+08 
1e+08 1e+08 1e+08 1e+08 1e+08 1e+08 1e+08 9.55731 1e+08 9.09091 1e+08 1e+08 1e+08 1e+08 1e+08 1e+08 1e+08 1e+08 19.1718 1e+08 1e+08 1e+08 1e+08 1e+08 1e+08 1e+08 1e+08 1e+08 1e+08 1e+08 1e+08 1e+08 1e+08 1e+08 1e+08 1e+08 1e+08 1e+08 1e+08 1e+08 1e+08 1e+08 1e+08 1e+08 1e+08 1e+08 1e+08 1e+08 1e+08 
1e+08 1e+08 18.546 1e+08 1e+08 1e+08 1e+08 1e+08 9.09091 1e+08 8.99993 1e+08 1e+08 1e+08 1e+08 1e+08 1e+08 1e+08 1e+08 1e+08 1e+08 1e+08 1e+08 1e+08 1e+08 1e+08 1e+08 1e+08 1e+08 1e+08 1e+08 1e+08 1e+08 1e+08 1e+08 1e+08 1e+08 1e+08 1e+08 1e+08 1e+08 1e+08 1e+08 1e+08 1e+08 1e+08 1e+08 1e+08 1e+08 
1e+08 1e+08 1e+08 1e+08 1e+08 1e+08 1e+08 1e+08 1e+08 8.99993 1e+08 18.1686 1e+08 1e+08 1e+08 1e+08 1e+08 1e+08 1e+08 1e+08 1e+08 1e+08 1e+08 1e+08 1e+08 1e+08 1e+08 1e+08 1e+08 1e+08 1e+08 1e+08 1e+08 1e+08 1e+08 1e+08 1e+08 1e+08 1e+08 1e+08 1e+08 1e+08 1e+08 1e+08 1e+08 1e+08 1e+08 1e+08 9.43396 
1e+08 1e+08 1e+08 1e+08 1e+08 1e+08 1e+08 1e+08 1e+08 1e+08 18.1686 1e+08 1e+08 1e+08 1e+08 1e+08 1e+08 1e+08 1e+08 1e+08 1e+08 1e+08 1e+08 1e+08 1e+08 1e+08 1e+08 1e+08 1e+08 1e+08 1e+08 1e+08 1e+08 1e+08 1e+08 1e+08 1e+08 1e+08 1e+08 1e+08 1e+08 1e+08 1e+08 1e+08 1e+08 1e+08 1e+08 9.06454 1e+08 
1e+08 6.2751 1e+08 9.02592 1e+08 1e+08 1e+08 1e+08 1e+08 1e+08 1e+08 1e+08 1e+08 1e+08 1e+08 1e+08 1e+08 1e+08 1e+08 1e+08 1e+08 1e+08 1e+08 9.11145 1e+08 1e+08 1e+08 1e+08 1e+08 1e+08 1e+08 1e+08 1e+08 1e+08 1e+08 1e+08 1e+08 1e+08 1e+08 1e+08 1e+08 1e+08 1e+08 1e+08 1e+08 1e+08 1e+08 1e+08 1e+08 
1e+08 1e+08 1e+08 1e+08 1e+08 1e+08 1e+08 1e+08 1e+08 1e+08 1e+08 1e+08 1e+08 1e+08 18.3016 1e+08 1e+08 1e+08 1e+08 1e+08 1e+08 1e+08 1e+08 1e+08 1e+08 1e+08 1e+08 1e+08 1e+08 1e+08 1e+08 1e+08 1e+08 1e+08 1e+08 1e+08 1e+08 1e+08 1e+08 1e+08 1e+08 1e+08 1e+08 1e+08 1e+08 19.6328 9.01291 1e+08 1e+08 
1e+08 1e+08 1e+08 1e+08 1e+08 1e+08 1e+08 1e+08 1e+08 1e+08 1e+08 1e+08 1e+08 18.3016 1e+08 9.19118 1e+08 1e+08 1e+08 1e+08 1e+08 1e+08 1e+08 1e+08 1e+08 1e+08 1e+08 1e+08 6.72405 1e+08 1e+08 1e+08 1e+08 1e+08 1e+08 1e+08 1e+08 1e+08 1e+08 1e+08 1e+08 1e+08 1e+08 1e+08 1e+08 1e+08 1e+08 1e+08 1e+08 
1e+08 1e+08 1e+08 1e+08 1e+08 1e+08 1e+08 1e+08 1e+08 1e+08 1e+08 1e+08 1e+08 1e+08 9.19118 1e+08 9.52817 1e+08 1e+08 1e+08 1e+08 1e+08 1e+08 1e+08 1e+08 1e+08 1e+08 9.19118 1e+08 1e+08 1e+08 1e+08 1e+08 1e+08 1e+08 1e+08 1e+08 1e+08 1e+08 1e+08 1e+08 1e+08 1e+08 1e+08 1e+08 1e+08 1e+08 1e+08 1e+08 
1e+08 1e+08 1e+08 1e+08 1e+08 1e+08 1e+08 1e+08 1e+08 1e+08 1e+08 1e+08 1e+08 1e+08 1e+08 9.52817 1e+08 9.57854 1e+08 1e+08 1e+08 1e+08 1e+08 1e+08 1e+08 1e+08 9.3423 1e+08 1e+08 1e+08 1e+08 1e+08 1e+08 1e+08 1e+08 1e+08 1e+08 1e+08 1e+08 1e+08 1e+08 1e+08 1e+08 1e+08 1e+08 1e+08 1e+08 1e+08 1e+08 
1e+08 1e+08 1e+08 1e+08 1e+08 1e+08 1e+08 1e+08 1e+08 1e+08 1e+08 1e+08 1e+08 1e+08 1e+08 1e+08 9.57854 1e+08 9.04552 1e+08 1e+08 1e+08 1e+08 1e+08 1e+08 19.305 1e+08 1e+08 1e+08 1e+08 1e+08 1e+08 1e+08 1e+08 1e+08 1e+08 1e+08 1e+08 1e+08 1e+08 1e+08 1e+08 1e+08 1e+08 1e+08 1e+08 1e+08 1e+08 1e+08 
1e+08 1e+08 1e+08 1e+08 1e+08 1e+08 1e+08 1e+08 19.1718 1e+08 1e+08 1e+08 1e+08 1e+08 1e+08 1e+08 1e+08 9.04552 1e+08 9.00576 1e+08 1e+08 1e+08 1e+08 1e+08 1e+08 1e+08 1e+08 1e+08 1e+08 1e+08 1e+08 1e+08 1e+08 1e+08 1e+08 1e+08 1e+08 1e+08 1e+08 1e+08 1e+08 1e+08 1e+08 1e+08 1e+08 1e+08 1e+08 1e+08 
1e+08 1e+08 1e+08 1e+08 1e+08 1e+08 1e+08 18.3554 1e+08 1e+08 1e+08 1e+08 1e+08 1e+08 1e+08 1e+08 1e+08 1e+08 9.00576 1e+08 9.03179 1e+08 1e+08 1e+08 1e+08 1e+08 1e+08 1e+08 1e+08 1e+08 1e+08 1e+08 1e+08 1e+08 1e+08 1e+08 1e+08 1e+08 1e+08 1e+08 1e+08 1e+08 1e+08 1e+08 1e+08 1e+08 1e+08 1e+08 1e+08 
1e+08 1e+08 1e+08 1e+08 1e+08 1e+08 1e+08 1e+08 1e+08 1e+08 1e+08 1e+08 1e+08 1e+08 1e+08 1e+08 1e+08 1e+08 1e+08 9.03179 1e+08 1e+08 1e+08 1e+08 1e+08 1e+08 1e+08 1e+08 1e+08 1e+08 1e+08 1e+08 1e+08 1e+08 1e+08 1e+08 1e+08 1e+08 1e+08 1e+08 1e+08 1e+08 1e+08 1e+08 1e+08 1e+08 1e+08 1e+08 1e+08 
1e+08 1e+08 1e+08 1e+08 1e+08 1e+08 1e+08 1e+08 1e+08 1e+08 1e+08 1e+08 1e+08 1e+08 1e+08 1e+08 1e+08 1e+08 1e+08 1e+08 1e+08 1e+08 9.40557 1e+08 1e+08 1e+08 1e+08 1e+08 1e+08 1e+08 1e+08 1e+08 1e+08 1e+08 1e+08 1e+08 1e+08 1e+08 1e+08 1e+08 1e+08 1e+08 1e+08 1e+08 1e+08 1e+08 1e+08 1e+08 1e+08 
1e+08 1e+08 1e+08 1e+08 1e+08 1e+08 1e+08 1e+08 1e+08 1e+08 1e+08 1e+08 1e+08 1e+08 1e+08 1e+08 1e+08 1e+08 1e+08 1e+08 1e+08 9.40557 1e+08 1e+08 18.0115 1e+08 1e+08 1e+08 1e+08 1e+08 1e+08 1e+08 1e+08 1e+08 1e+08 44.484 1e+08 1e+08 1e+08 1e+08 1e+08 1e+08 1e+08 1e+08 1e+08 1e+08 1e+08 1e+08 1e+08 
1e+08 1e+08 18.1951 1e+08 1e+08 1e+08 1e+08 1e+08 1e+08 1e+08 1e+08 1e+08 9.11145 1e+08 1e+08 1e+08 1e+08 1e+08 1e+08 1e+08 1e+08 1e+08 1e+08 1e+08 1e+08 1e+08 1e+08 1e+08 1e+08 1e+08 1e+08 1e+08 1e+08 1e+08 8.99993 1e+08 1e+08 1e+08 1e+08 1e+08 1e+08 1e+08 1e+08 1e+08 1e+08 19.6183 1e+08 1e+08 1e+08 
1e+08 1e+08 1e+08 1e+08 1e+08 1e+08 1e+08 1e+08 1e+08 1e+08 1e+08 1e+08 1e+08 1e+08 1e+08 1e+08 1e+08 1e+08 1e+08 1e+08 1e+08 1e+08 18.0115 1e+08 1e+08 8.99928 1e+08 1e+08 1e+08 1e+08 1e+08 1e+08 1e+08 19.1131 1e+08 1e+08 1e+08 1e+08 1e+08 1e+08 1e+08 1e+08 1e+08 1e+08 1e+08 1e+08 1e+08 1e+08 1e+08 
1e+08 1e+08 1e+08 1e+08 1e+08 1e+08 1e+08 1e+08 1e+08 1e+08 1e+08 1e+08 1e+08 1e+08 1e+08 1e+08 1e+08 19.305 1e+08 1e+08 1e+08 1e+08 1e+08 1e+08 8.99928 1e+08 9.0843 1e+08 1e+08 1e+08 1e+08 1e+08 18.0245 1e+08 1e+08 1e+08 1e+08 1e+08 1e+08 1e+08 1e+08 1e+08 1e+08 1e+08 1e+08 1e+08 1e+08 1e+08 1e+08 
1e+08 1e+08 1e+08 1e+08 1e+08 1e+08 1e+08 1e+08 1e+08 1e+08 1e+08 1e+08 1e+08 1e+08 1e+08 1e+08 9.3423 1e+08 1e+08 1e+08 1e+08 1e+08 1e+08 1e+08 1e+08 9.0843 1e+08 9.01226 1e+08 1e+08 1e+08 1e+08 1e+08 1e+08 1e+08 1e+08 1e+08 1e+08 1e+08 1e+08 1e+08 1e+08 1e+08 1e+08 1e+08 1e+08 1e+08 1e+08 1e+08 
1e+08 1e+08 1e+08 1e+08 1e+08 1e+08 1e+08 1e+08 1e+08 1e+08 1e+08 1e+08 1e+08 1e+08 1e+08 9.19118 1e+08 1e+08 1e+08 1e+08 1e+08 1e+08 1e+08 1e+08 1e+08 1e+08 9.01226 1e+08 9.00641 1e+08 34.1997 1e+08 1e+08 1e+08 1e+08 1e+08 1e+08 1e+08 1e+08 1e+08 1e+08 1e+08 1e+08 1e+08 1e+08 1e+08 1e+08 1e+08 1e+08 
1e+08 1e+08 1e+08 1e+08 1e+08 1e+08 1e+08 1e+08 1e+08 1e+08 1e+08 1e+08 1e+08 1e+08 6.72405 1e+08 1e+08 1e+08 1e+08 1e+08 1e+08 1e+08 1e+08 1e+08 1e+08 1e+08 1e+08 9.00641 1e+08 6.11696 1e+08 1e+08 1e+08 1e+08 1e+08 1e+08 1e+08 1e+08 1e+08 1e+08 1e+08 1e+08 1e+08 1e+08 1e+08 1e+08 1e+08 1e+08 1e+08 
1e+08 1e+08 1e+08 1e+08 1e+08 1e+08 1e+08 1e+08 1e+08 1e+08 1e+08 1e+08 1e+08 1e+08 1e+08 1e+08 1e+08 1e+08 1e+08 1e+08 1e+08 1e+08 1e+08 1e+08 1e+08 1e+08 1e+08 1e+08 6.11696 1e+08 6.22665 1e+08 1e+08 1e+08 1e+08 1e+08 1e+08 1e+08 1e+08 1e+08 1e+08 1e+08 1e+08 9.05207 1e+08 1e+08 1e+08 1e+08 1e+08 
1e+08 1e+08 1e+08 1e+08 1e+08 1e+08 1e+08 1e+08 1e+08 1e+08 1e+08 1e+08 1e+08 1e+08 1e+08 1e+08 1e+08 1e+08 1e+08 1e+08 1e+08 1e+08 1e+08 1e+08 1e+08 1e+08 1e+08 34.1997 1e+08 6.22665 1e+08 6.15915 1e+08 1e+08 1e+08 1e+08 1e+08 1e+08 1e+08 1e+08 1e+08 1e+08 1e+08 1e+08 1e+08 1e+08 1e+08 1e+08 1e+08 
1e+08 1e+08 1e+08 1e+08 1e+08 1e+08 1e+08 1e+08 1e+08 1e+08 1e+08 1e+08 1e+08 1e+08 1e+08 1e+08 1e+08 1e+08 1e+08 1e+08 1e+08 1e+08 1e+08 1e+08 1e+08 1e+08 1e+08 1e+08 1e+08 1e+08 6.15915 1e+08 6.3597 1e+08 1e+08 1e+08 1e+08 1e+08 1e+08 1e+08 1e+08 18.3959 1e+08 1e+08 1e+08 1e+08 1e+08 1e+08 1e+08 
1e+08 1e+08 1e+08 1e+08 1e+08 1e+08 1e+08 1e+08 1e+08 1e+08 1e+08 1e+08 1e+08 1e+08 1e+08 1e+08 1e+08 1e+08 1e+08 1e+08 1e+08 1e+08 1e+08 1e+08 1e+08 18.0245 1e+08 1e+08 1e+08 1e+08 1e+08 6.3597 1e+08 6.3597 1e+08 1e+08 1e+08 1e+08 1e+08 1e+08 1e+08 1e+08 1e+08 1e+08 1e+08 1e+08 1e+08 1e+08 1e+08 
1e+08 1e+08 1e+08 1e+08 1e+08 1e+08 1e+08 1e+08 1e+08 1e+08 1e+08 1e+08 1e+08 1e+08 1e+08 1e+08 1e+08 1e+08 1e+08 1e+08 1e+08 1e+08 1e+08 1e+08 19.1131 1e+08 1e+08 1e+08 1e+08 1e+08 1e+08 1e+08 6.3597 1e+08 1e+08 9.27368 1e+08 1e+08 1e+08 18.3554 1e+08 1e+08 1e+08 1e+08 1e+08 1e+08 1e+08 1e+08 1e+08 
1e+08 1e+08 1e+08 1e+08 1e+08 1e+08 1e+08 1e+08 1e+08 1e+08 1e+08 1e+08 1e+08 1e+08 1e+08 1e+08 1e+08 1e+08 1e+08 1e+08 1e+08 1e+08 1e+08 8.99993 1e+08 1e+08 1e+08 1e+08 1e+08 1e+08 1e+08 1e+08 1e+08 1e+08 1e+08 1e+08 1e+08 1e+08 1e+08 1e+08 1e+08 1e+08 1e+08 1e+08 9.01876 18.546 1e+08 1e+08 23.6742 
1e+08 1e+08 1e+08 1e+08 1e+08 1e+08 1e+08 1e+08 1e+08 1e+08 1e+08 1e+08 1e+08 1e+08 1e+08 1e+08 1e+08 1e+08 1e+08 1e+08 1e+08 1e+08 44.484 1e+08 1e+08 1e+08 1e+08 1e+08 1e+08 1e+08 1e+08 1e+08 1e+08 9.27368 1e+08 1e+08 9.11145 1e+08 18.8679 1e+08 1e+08 1e+08 1e+08 1e+08 1e+08 1e+08 1e+08 1e+08 1e+08 
1e+08 1e+08 1e+08 1e+08 1e+08 1e+08 1e+08 1e+08 1e+08 1e+08 1e+08 1e+08 1e+08 1e+08 1e+08 1e+08 1e+08 1e+08 1e+08 1e+08 1e+08 1e+08 1e+08 1e+08 1e+08 1e+08 1e+08 1e+08 1e+08 1e+08 1e+08 1e+08 1e+08 1e+08 1e+08 9.11145 1e+08 1e+08 1e+08 1e+08 1e+08 1e+08 1e+08 1e+08 1e+08 1e+08 1e+08 1e+08 1e+08 
1e+08 1e+08 1e+08 1e+08 1e+08 1e+08 1e+08 1e+08 1e+08 1e+08 1e+08 1e+08 1e+08 1e+08 1e+08 1e+08 1e+08 1e+08 1e+08 1e+08 1e+08 1e+08 1e+08 1e+08 1e+08 1e+08 1e+08 1e+08 1e+08 1e+08 1e+08 1e+08 1e+08 1e+08 1e+08 1e+08 1e+08 1e+08 1e+08 1e+08 1e+08 1e+08 1e+08 1e+08 1e+08 1e+08 1e+08 1e+08 1e+08 
1e+08 1e+08 1e+08 1e+08 1e+08 1e+08 1e+08 1e+08 1e+08 1e+08 1e+08 1e+08 1e+08 1e+08 1e+08 1e+08 1e+08 1e+08 1e+08 1e+08 1e+08 1e+08 1e+08 1e+08 1e+08 1e+08 1e+08 1e+08 1e+08 1e+08 1e+08 1e+08 1e+08 1e+08 1e+08 18.8679 1e+08 1e+08 1e+08 9.01876 1e+08 1e+08 1e+08 1e+08 1e+08 1e+08 1e+08 1e+08 1e+08 
1e+08 1e+08 1e+08 1e+08 1e+08 1e+08 1e+08 1e+08 1e+08 1e+08 1e+08 1e+08 1e+08 1e+08 1e+08 1e+08 1e+08 1e+08 1e+08 1e+08 1e+08 1e+08 1e+08 1e+08 1e+08 1e+08 1e+08 1e+08 1e+08 1e+08 1e+08 1e+08 1e+08 18.3554 1e+08 1e+08 1e+08 1e+08 9.01876 1e+08 9.03179 1e+08 1e+08 1e+08 1e+08 1e+08 1e+08 1e+08 1e+08 
1e+08 1e+08 1e+08 1e+08 1e+08 1e+08 1e+08 1e+08 1e+08 1e+08 1e+08 1e+08 1e+08 1e+08 1e+08 1e+08 1e+08 1e+08 1e+08 1e+08 1e+08 1e+08 1e+08 1e+08 1e+08 1e+08 1e+08 1e+08 1e+08 1e+08 1e+08 1e+08 1e+08 1e+08 1e+08 1e+08 1e+08 1e+08 1e+08 9.03179 1e+08 9.05141 1e+08 1e+08 1e+08 1e+08 1e+08 1e+08 1e+08 
1e+08 1e+08 1e+08 1e+08 1e+08 1e+08 1e+08 1e+08 1e+08 1e+08 1e+08 1e+08 1e+08 1e+08 1e+08 1e+08 1e+08 1e+08 1e+08 1e+08 1e+08 1e+08 1e+08 1e+08 1e+08 1e+08 1e+08 1e+08 1e+08 1e+08 1e+08 18.3959 1e+08 1e+08 1e+08 1e+08 1e+08 1e+08 1e+08 1e+08 9.05141 1e+08 9.05141 1e+08 1e+08 1e+08 1e+08 1e+08 1e+08 
1e+08 1e+08 1e+08 1e+08 1e+08 1e+08 1e+08 1e+08 1e+08 1e+08 1e+08 1e+08 1e+08 1e+08 1e+08 1e+08 1e+08 1e+08 1e+08 1e+08 1e+08 1e+08 1e+08 1e+08 1e+08 1e+08 1e+08 1e+08 1e+08 1e+08 1e+08 1e+08 1e+08 1e+08 1e+08 1e+08 1e+08 1e+08 1e+08 1e+08 1e+08 9.05141 1e+08 9.01291 1e+08 1e+08 1e+08 1e+08 1e+08 
1e+08 1e+08 1e+08 1e+08 1e+08 1e+08 1e+08 1e+08 1e+08 1e+08 1e+08 1e+08 1e+08 1e+08 1e+08 1e+08 1e+08 1e+08 1e+08 1e+08 1e+08 1e+08 1e+08 1e+08 1e+08 1e+08 1e+08 1e+08 1e+08 9.05207 1e+08 1e+08 1e+08 1e+08 1e+08 1e+08 1e+08 1e+08 1e+08 1e+08 1e+08 1e+08 9.01291 1e+08 1e+08 1e+08 1e+08 1e+08 1e+08 
1e+08 1e+08 1e+08 1e+08 1e+08 1e+08 1e+08 1e+08 1e+08 1e+08 1e+08 1e+08 1e+08 1e+08 1e+08 1e+08 1e+08 1e+08 1e+08 1e+08 1e+08 1e+08 1e+08 1e+08 1e+08 1e+08 1e+08 1e+08 1e+08 1e+08 1e+08 1e+08 1e+08 1e+08 9.01876 1e+08 1e+08 1e+08 1e+08 1e+08 1e+08 1e+08 1e+08 1e+08 1e+08 9.19185 1e+08 1e+08 1e+08 
1e+08 1e+08 1e+08 1e+08 1e+08 1e+08 1e+08 1e+08 1e+08 1e+08 1e+08 1e+08 1e+08 19.6328 1e+08 1e+08 1e+08 1e+08 1e+08 1e+08 1e+08 1e+08 1e+08 19.6183 1e+08 1e+08 1e+08 1e+08 1e+08 1e+08 1e+08 1e+08 1e+08 1e+08 18.546 1e+08 1e+08 1e+08 1e+08 1e+08 1e+08 1e+08 1e+08 1e+08 9.19185 9.01291 9.55657 19.5932 1e+08 
1e+08 1e+08 1e+08 1e+08 1e+08 1e+08 1e+08 1e+08 1e+08 1e+08 1e+08 1e+08 1e+08 9.01291 1e+08 1e+08 1e+08 1e+08 1e+08 1e+08 1e+08 1e+08 1e+08 1e+08 1e+08 1e+08 1e+08 1e+08 1e+08 1e+08 1e+08 1e+08 1e+08 1e+08 1e+08 1e+08 1e+08 1e+08 1e+08 1e+08 1e+08 1e+08 1e+08 1e+08 1e+08 9.55657 1e+08 9.05797 1e+08 
1e+08 1e+08 1e+08 1e+08 1e+08 1e+08 1e+08 1e+08 1e+08 1e+08 1e+08 9.06454 1e+08 1e+08 1e+08 1e+08 1e+08 1e+08 1e+08 1e+08 1e+08 1e+08 1e+08 1e+08 1e+08 1e+08 1e+08 1e+08 1e+08 1e+08 1e+08 1e+08 1e+08 1e+08 1e+08 1e+08 1e+08 1e+08 1e+08 1e+08 1e+08 1e+08 1e+08 1e+08 1e+08 19.5932 9.05797 1e+08 9.05207 
1e+08 1e+08 9.58662 1e+08 1e+08 1e+08 1e+08 1e+08 1e+08 1e+08 9.43396 1e+08 1e+08 1e+08 1e+08 1e+08 1e+08 1e+08 1e+08 1e+08 1e+08 1e+08 1e+08 1e+08 1e+08 1e+08 1e+08 1e+08 1e+08 1e+08 1e+08 1e+08 1e+08 1e+08 23.6742 1e+08 1e+08 1e+08 1e+08 1e+08 1e+08 1e+08 1e+08 1e+08 1e+08 1e+08 1e+08 9.05207 1e+08 
1e+08 9.11743 1e+08 1e+08 1e+08 1e+08 1e+08 1e+08 1e+08 1e+08 1e+08 1e+08 1e+08 1e+08 1e+08 1e+08 1e+08 1e+08 1e+08 1e+08 1e+08 1e+08 1e+08 1e+08 1e+08 1e+08 1e+08 1e+08 1e+08 1e+08 1e+08 1e+08 1e+08 1e+08 1e+08 1e+08 1e+08 1e+08 1e+08 1e+08 1e+08 1e+08 1e+08 1e+08 1e+08 1e+08 1e+08 1e+08 1e+08 
9.11743 1e+08 1e+08 1e+08 18.4502 1e+08 1e+08 1e+08 1e+08 1e+08 1e+08 1e+08 6.2751 1e+08 1e+08 1e+08 1e+08 1e+08 1e+08 1e+08 1e+08 1e+08 1e+08 1e+08 1e+08 1e+08 1e+08 1e+08 1e+08 1e+08 1e+08 1e+08 1e+08 1e+08 1e+08 1e+08 1e+08 1e+08 1e+08 1e+08 1e+08 1e+08 1e+08 1e+08 1e+08 1e+08 1e+08 1e+08 1e+08 
1e+08 1e+08 1e+08 18.4502 1e+08 1e+08 1e+08 1e+08 1e+08 18.6567 1e+08 1e+08 1e+08 1e+08 1e+08 1e+08 1e+08 1e+08 1e+08 1e+08 1e+08 1e+08 1e+08 18.1951 1e+08 1e+08 1e+08 1e+08 1e+08 1e+08 1e+08 1e+08 1e+08 1e+08 1e+08 1e+08 1e+08 1e+08 1e+08 1e+08 1e+08 1e+08 1e+08 1e+08 1e+08 1e+08 1e+08 1e+08 9.21829 
1e+08 1e+08 18.4502 1e+08 9.03832 1e+08 1e+08 1e+08 1e+08 1e+08 1e+08 1e+08 9.02592 1e+08 1e+08 1e+08 1e+08 1e+08 1e+08 1e+08 1e+08 1e+08 1e+08 1e+08 1e+08 1e+08 1e+08 1e+08 1e+08 1e+08 1e+08 1e+08 1e+08 1e+08 1e+08 1e+08 1e+08 1e+08 1e+08 1e+08 1e+08 1e+08 1e+08 1e+08 1e+08 1e+08 1e+08 1e+08 1e+08 
1e+08 18.4502 1e+08 9.03832 1e+08 9.05863 1e+08 1e+08 1e+08 1e+08 1e+08 1e+08 1e+08 1e+08 1e+08 1e+08 1e+08 1e+08 1e+08 1e+08 1e+08 1e+08 1e+08 1e+08 1e+08 1e+08 1e+08 1e+08 1e+08 1e+08 1e+08 1e+08 1e+08 1e+08 1e+08 1e+08 1e+08 1e+08 1e+08 1e+08 1e+08 1e+08 1e+08 1e+08 1e+08 1e+08 1e+08 1e+08 1e+08 
1e+08 1e+08 1e+08 1e+08 9.05863 1e+08 1e+08 1e+08 1e+08 1e+08 1e+08 1e+08 1e+08 1e+08 1e+08 1e+08 1e+08 1e+08 1e+08 1e+08 1e+08 1e+08 1e+08 1e+08 1e+08 1e+08 1e+08 1e+08 1e+08 1e+08 1e+08 1e+08 1e+08 1e+08 1e+08 1e+08 1e+08 1e+08 1e+08 1e+08 1e+08 1e+08 1e+08 1e+08 1e+08 1e+08 1e+08 1e+08 1e+08 
1e+08 1e+08 1e+08 1e+08 1e+08 1e+08 1e+08 9.07178 1e+08 1e+08 1e+08 1e+08 1e+08 1e+08 1e+08 1e+08 1e+08 1e+08 1e+08 1e+08 1e+08 1e+08 1e+08 1e+08 1e+08 1e+08 1e+08 1e+08 1e+08 1e+08 1e+08 1e+08 1e+08 1e+08 1e+08 1e+08 1e+08 1e+08 1e+08 1e+08 1e+08 1e+08 1e+08 1e+08 1e+08 1e+08 1e+08 1e+08 1e+08 
1e+08 1e+08 1e+08 1e+08 1e+08 1e+08 9.07178 1e+08 9.55657 1e+08 1e+08 1e+08 1e+08 1e+08 1e+08 1e+08 1e+08 1e+08 1e+08 18.3554 1e+08 1e+08 1e+08 1e+08 1e+08 1e+08 1e+08 1e+08 1e+08 1e+08 1e+08 1e+08 1e+08 1e+08 1e+08 1e+08 1e+08 1e+08 1e+08 1e+08 1e+08 1e+08 1e+08 1e+08 1e+08 1e+08 1e+08 1e+08 1e+08 
1e+08 1e+08 1e+08 1e+08 1e+08 1e+08 1e+08 9.55657 1e+08 9.09091 1e+08 1e+08 1e+08 1e+08 1e+08 1e+08 1e+08 1e+08 19.1718 1e+08 1e+08 1e+08 1e+08 1e+08 1e+08 1e+08 1e+08 1e+08 1e+08 1e+08 1e+08 1e+08 1e+08 1e+08 1e+08 1e+08 1e+08 1e+08 1e+08 1e+08 1e+08 1e+08 1e+08 1e+08 1e+08 1e+08 1e+08 1e+08 1e+08 
1e+08 1e+08 18.6567 1e+08 1e+08 1e+08 1e+08 1e+08 9.09091 1e+08 8.99928 1e+08 1e+08 1e+08 1e+08 1e+08 1e+08 1e+08 1e+08 1e+08 1e+08 1e+08 1e+08 1e+08 1e+08 1e+08 1e+08 1e+08 1e+08 1e+08 1e+08 1e+08 1e+08 1e+08 1e+08 1e+08 1e+08 1e+08 1e+08 1e+08 1e+08 1e+08 1e+08 1e+08 1e+08 1e+08 1e+08 1e+08 1e+08 
1e+08 1e+08 1e+08 1e+08 1e+08 1e+08 1e+08 1e+08 1e+08 8.99928 1e+08 18.1686 1e+08 1e+08 1e+08 1e+08 1e+08 1e+08 1e+08 1e+08 1e+08 1e+08 1e+08 1e+08 1e+08 1e+08 1e+08 1e+08 1e+08 1e+08 1e+08 1e+08 1e+08 1e+08 1e+08 1e+08 1e+08 1e+08 1e+08 1e+08 1e+08 1e+08 1e+08 1e+08 1e+08 1e+08 1e+08 1e+08 9.07178 
1e+08 1e+08 1e+08 1e+08 1e+08 1e+08 1e+08 1e+08 1e+08 1e+08 18.1686 1e+08 1e+08 1e+08 1e+08 19.7316 1e+08 1e+08 1e+08 1e+08 1e+08 1e+08 1e+08 1e+08 1e+08 1e+08 1e+08 1e+08 1e+08 1e+08 1e+08 1e+08 1e+08 1e+08 1e+08 1e+08 1e+08 1e+08 1e+08 1e+08 1e+08 1e+08 1e+08 1e+08 1e+08 1e+08 1e+08 9.06454 1e+08 
1e+08 6.2751 1e+08 9.02592 1e+08 1e+08 1e+08 1e+08 1e+08 1e+08 1e+08 1e+08 1e+08 1e+08 1e+08 1e+08 1e+08 1e+08 1e+08 1e+08 1e+08 1e+08 1e+08 9.13743 1e+08 1e+08 1e+08 1e+08 1e+08 1e+08 1e+08 1e+08 1e+08 1e+08 1e+08 1e+08 1e+08 1e+08 1e+08 1e+08 1e+08 1e+08 1e+08 1e+08 1e+08 1e+08 1e+08 1e+08 1e+08 
1e+08 1e+08 1e+08 1e+08 1e+08 1e+08 1e+08 1e+08 1e+08 1e+08 1e+08 1e+08 1e+08 1e+08 18.3016 1e+08 1e+08 1e+08 1e+08 1e+08 1e+08 1e+08 1e+08 1e+08 1e+08 1e+08 1e+08 1e+08 1e+08 1e+08 1e+08 1e+08 1e+08 1e+08 1e+08 1e+08 1e+08 1e+08 1e+08 1e+08 1e+08 1e+08 1e+08 1e+08 1e+08 19.6328 9.01291 1e+08 1e+08 
1e+08 1e+08 1e+08 1e+08 1e+08 1e+08 1e+08 1e+08 1e+08 1e+08 1e+08 1e+08 1e+08 18.3016 1e+08 9.14411 1e+08 1e+08 1e+08 1e+08 1e+08 1e+08 1e+08 1e+08 1e+08 1e+08 1e+08 1e+08 6.72405 1e+08 1e+08 1e+08 1e+08 1e+08 1e+08 1e+08 1e+08 1e+08 1e+08 1e+08 1e+08 1e+08 1e+08 1e+08 1e+08 1e+08 1e+08 1e+08 1e+08 
1e+08 1e+08 1e+08 1e+08 1e+08 1e+08 1e+08 1e+08 1e+08 1e+08 1e+08 19.7316 1e+08 1e+08 9.14411 1e+08 9.13075 1e+08 1e+08 1e+08 1e+08 1e+08 1e+08 1e+08 1e+08 1e+08 1e+08 9.13743 1e+08 1e+08 1e+08 1e+08 1e+08 1e+08 1e+08 1e+08 1e+08 1e+08 1e+08 1e+08 1e+08 1e+08 1e+08 1e+08 1e+08 1e+08 1e+08 1e+08 1e+08 
1e+08 1e+08 1e+08 1e+08 1e+08 1e+08 1e+08 1e+08 1e+08 1e+08 1e+08 1e+08 1e+08 1e+08 1e+08 9.13075 1e+08 9.57854 1e+08 1e+08 1e+08 1e+08 1e+08 1e+08 1e+08 1e+08 9.01226 1e+08 1e+08 1e+08 1e+08 1e+08 1e+08 1e+08 1e+08 1e+08 1e+08 1e+08 1e+08 1e+08 1e+08 1e+08 1e+08 1e+08 1e+08 1e+08 1e+08 1e+08 1e+08 
1e+08 1e+08 1e+08 1e+08 1e+08 1e+08 1e+08 1e+08 1e+08 1e+08 1e+08 1e+08 1e+08 1e+08 1e+08 1e+08 9.57854 1e+08 9.0652 1e+08 1e+08 1e+08 1e+08 1e+08 1e+08 19.305 1e+08 1e+08 1e+08 1e+08 1e+08 1e+08 1e+08 1e+08 1e+08 1e+08 1e+08 1e+08 1e+08 1e+08 1e+08 1e+08 1e+08 1e+08 1e+08 1e+08 1e+08 1e+08 1e+08 
1e+08 1e+08 1e+08 1e+08 1e+08 1e+08 1e+08 1e+08 19.1718 1e+08 1e+08 1e+08 1e+08 1e+08 1e+08 1e+08 1e+08 9.0652 1e+08 9.00576 1e+08 1e+08 1e+08 1e+08 1e+08 1e+08 1e+08 1e+08 1e+08 1e+08 1e+08 1e+08 1e+08 1e+08 1e+08 1e+08 1e+08 1e+08 1e+08 1e+08 1e+08 1e+08 1e+08 1e+08 1e+08 1e+08 1e+08 1e+08 1e+08 
1e+08 1e+08 1e+08 1e+08 1e+08 1e+08 1e+08 18.3554 1e+08 1e+08 1e+08 1e+08 1e+08 1e+08 1e+08 1e+08 1e+08 1e+08 9.00576 1e+08 9.03244 1e+08 1e+08 1e+08 1e+08 1e+08 1e+08 1e+08 1e+08 1e+08 1e+08 1e+08 1e+08 1e+08 1e+08 1e+08 1e+08 1e+08 1e+08 1e+08 1e+08 1e+08 1e+08 1e+08 1e+08 1e+08 1e+08 1e+08 1e+08 
1e+08 1e+08 1e+08 1e+08 1e+08 1e+08 1e+08 1e+08 1e+08 1e+08 1e+08 1e+08 1e+08 1e+08 1e+08 1e+08 1e+08 1e+08 1e+08 9.03244 1e+08 1e+08 1e+08 1e+08 1e+08 1e+08 1e+08 1e+08 1e+08 1e+08 1e+08 1e+08 1e+08 1e+08 1e+08 1e+08 1e+08 1e+08 1e+08 1e+08 1e+08 1e+08 1e+08 1e+08 1e+08 1e+08 1e+08 1e+08 1e+08 
1e+08 1e+08 1e+08 1e+08 1e+08 1e+08 1e+08 1e+08 1e+08 1e+08 1e+08 1e+08 1e+08 1e+08 1e+08 1e+08 1e+08 1e+08 1e+08 1e+08 1e+08 1e+08 9.40557 1e+08 1e+08 1e+08 1e+08 1e+08 1e+08 1e+08 1e+08 1e+08 1e+08 1e+08 1e+08 1e+08 1e+08 1e+08 1e+08 1e+08 1e+08 1e+08 1e+08 1e+08 1e+08 1e+08 1e+08 1e+08 1e+08 
1e+08 1e+08 1e+08 1e+08 1e+08 1e+08 1e+08 1e+08 1e+08 1e+08 1e+08 1e+08 1e+08 1e+08 1e+08 1e+08 1e+08 1e+08 1e+08 1e+08 1e+08 9.40557 1e+08 1e+08 18.0115 1e+08 1e+08 1e+08 1e+08 1e+08 1e+08 1e+08 1e+08 1e+08 1e+08 44.484 1e+08 1e+08 1e+08 1e+08 1e+08 1e+08 1e+08 1e+08 1e+08 1e+08 1e+08 1e+08 1e+08 
1e+08 1e+08 18.1951 1e+08 1e+08 1e+08 1e+08 1e+08 1e+08 1e+08 1e+08 1e+08 9.13743 1e+08 1e+08 1e+08 1e+08 1e+08 1e+08 1e+08 1e+08 1e+08 1e+08 1e+08 1e+08 1e+08 1e+08 1e+08 1e+08 1e+08 1e+08 1e+08 1e+08 1e+08 8.99993 1e+08 1e+08 1e+08 1e+08 1e+08 1e+08 1e+08 1e+08 1e+08 1e+08 19.6183 1e+08 1e+08 1e+08 
1e+08 1e+08 1e+08 1e+08 1e+08 1e+08 1e+08 1e+08 1e+08 1e+08 1e+08 1e+08 1e+08 1e+08 1e+08 1e+08 1e+08 1e+08 1e+08 1e+08 1e+08 1e+08 18.0115 1e+08 1e+08 8.99928 1e+08 1e+08 1e+08 1e+08 1e+08 1e+08 1e+08 19.1131 1e+08 1e+08 1e+08 1e+08 1e+08 1e+08 1e+08 1e+08 1e+08 1e+08 1e+08 1e+08 1e+08 1e+08 1e+08 
1e+08 1e+08 1e+08 1e+08 1e+08 1e+08 1e+08 1e+08 1e+08 1e+08 1e+08 1e+08 1e+08 1e+08 1e+08 1e+08 1e+08 19.305 1e+08 1e+08 1e+08 1e+08 1e+08 1e+08 8.99928 1e+08 8.99928 1e+08 1e+08 1e+08 1e+08 1e+08 18.0245 1e+08 1e+08 1e+08 1e+08 1e+08 1e+08 1e+08 1e+08 1e+08 1e+08 1e+08 1e+08 1e+08 1e+08 1e+08 1e+08 
1e+08 1e+08 1e+08 1e+08 1e+08 1e+08 1e+08 1e+08 1e+08 1e+08 1e+08 1e+08 1e+08 1e+08 1e+08 1e+08 9.01226 1e+08 1e+08 1e+08 1e+08 1e+08 1e+08 1e+08 1e+08 8.99928 1e+08 8.99928 1e+08 1e+08 1e+08 1e+08 1e+08 1e+08 1e+08 1e+08 1e+08 1e+08 1e+08 1e+08 1e+08 1e+08 1e+08 1e+08 1e+08 1e+08 1e+08 1e+08 1e+08 
1e+08 1e+08 1e+08 1e+08 1e+08 1e+08 1e+08 1e+08 1e+08 1e+08 1e+08 1e+08 1e+08 1e+08 1e+08 9.13743 1e+08 1e+08 1e+08 1e+08 1e+08 1e+08 1e+08 1e+08 1e+08 1e+08 8.99928 1e+08 9.01876 1e+08 190.611 1e+08 1e+08 1e+08 1e+08 1e+08 1e+08 1e+08 1e+08 1e+08 1e+08 1e+08 1e+08 1e+08 1e+08 1e+08 1e+08 1e+08 1e+08 
1e+08 1e+08 1e+08 1e+08 1e+08 1e+08 1e+08 1e+08 1e+08 1e+08 1e+08 1e+08 1e+08 1e+08 6.72405 1e+08 1e+08 1e+08 1e+08 1e+08 1e+08 1e+08 1e+08 1e+08 1e+08 1e+08 1e+08 9.01876 1e+08 6.11696 1e+08 1e+08 1e+08 1e+08 1e+08 1e+08 1e+08 1e+08 1e+08 1e+08 1e+08 1e+08 1e+08 1e+08 1e+08 1e+08 1e+08 1e+08 1e+08 
1e+08 1e+08 1e+08 1e+08 1e+08 1e+08 1e+08 1e+08 1e+08 1e+08 1e+08 1e+08 1e+08 1e+08 1e+08 1e+08 1e+08 1e+08 1e+08 1e+08 1e+08 1e+08 1e+08 1e+08 1e+08 1e+08 1e+08 1e+08 6.11696 1e+08 6.22665 1e+08 1e+08 1e+08 1e+08 1e+08 1e+08 1e+08 1e+08 1e+08 1e+08 1e+08 1e+08 9.33602 1e+08 1e+08 1e+08 1e+08 1e+08 
1e+08 1e+08 1e+08 1e+08 1e+08 1e+08 1e+08 1e+08 1e+08 1e+08 1e+08 1e+08 1e+08 1e+08 1e+08 1e+08 1e+08 1e+08 1e+08 1e+08 1e+08 1e+08 1e+08 1e+08 1e+08 1e+08 1e+08 190.611 1e+08 6.22665 1e+08 6.15915 1e+08 1e+08 1e+08 1e+08 1e+08 1e+08 1e+08 1e+08 1e+08 1e+08 1e+08 1e+08 1e+08 1e+08 1e+08 1e+08 1e+08 
1e+08 1e+08 1e+08 1e+08 1e+08 1e+08 1e+08 1e+08 1e+08 1e+08 1e+08 1e+08 1e+08 1e+08 1e+08 1e+08 1e+08 1e+08 1e+08 1e+08 1e+08 1e+08 1e+08 1e+08 1e+08 1e+08 1e+08 1e+08 1e+08 1e+08 6.15915 1e+08 6.3597 1e+08 1e+08 1e+08 1e+08 1e+08 1e+08 1e+08 1e+08 18.3959 1e+08 1e+08 1e+08 1e+08 1e+08 1e+08 1e+08 
1e+08 1e+08 1e+08 1e+08 1e+08 1e+08 1e+08 1e+08 1e+08 1e+08 1e+08 1e+08 1e+08 1e+08 1e+08 1e+08 1e+08 1e+08 1e+08 1e+08 1e+08 1e+08 1e+08 1e+08 1e+08 18.0245 1e+08 1e+08 1e+08 1e+08 1e+08 6.3597 1e+08 6.3597 1e+08 1e+08 1e+08 1e+08 1e+08 1e+08 1e+08 1e+08 1e+08 1e+08 1e+08 1e+08 1e+08 1e+08 1e+08 
1e+08 1e+08 1e+08 1e+08 1e+08 1e+08 1e+08 1e+08 1e+08 1e+08 1e+08 1e+08 1e+08 1e+08 1e+08 1e+08 1e+08 1e+08 1e+08 1e+08 1e+08 1e+08 1e+08 1e+08 19.1131 1e+08 1e+08 1e+08 1e+08 1e+08 1e+08 1e+08 6.3597 1e+08 1e+08 9.27368 1e+08 1e+08 1e+08 18.3554 1e+08 1e+08 1e+08 1e+08 1e+08 1e+08 1e+08 1e+08 1e+08 
1e+08 1e+08 1e+08 1e+08 1e+08 1e+08 1e+08 1e+08 1e+08 1e+08 1e+08 1e+08 1e+08 1e+08 1e+08 1e+08 1e+08 1e+08 1e+08 1e+08 1e+08 1e+08 1e+08 8.99993 1e+08 1e+08 1e+08 1e+08 1e+08 1e+08 1e+08 1e+08 1e+08 1e+08 1e+08 1e+08 1e+08 1e+08 1e+08 1e+08 1e+08 1e+08 1e+08 1e+08 9.01941 18.546 1e+08 1e+08 1e+08 
1e+08 1e+08 1e+08 1e+08 1e+08 1e+08 1e+08 1e+08 1e+08 1e+08 1e+08 1e+08 1e+08 1e+08 1e+08 1e+08 1e+08 1e+08 1e+08 1e+08 1e+08 1e+08 44.484 1e+08 1e+08 1e+08 1e+08 1e+08 1e+08 1e+08 1e+08 1e+08 1e+08 9.27368 1e+08 1e+08 9.11145 1e+08 18.8679 1e+08 1e+08 1e+08 1e+08 1e+08 1e+08 1e+08 1e+08 1e+08 1e+08 
1e+08 1e+08 1e+08 1e+08 1e+08 1e+08 1e+08 1e+08 1e+08 1e+08 1e+08 1e+08 1e+08 1e+08 1e+08 1e+08 1e+08 1e+08 1e+08 1e+08 1e+08 1e+08 1e+08 1e+08 1e+08 1e+08 1e+08 1e+08 1e+08 1e+08 1e+08 1e+08 1e+08 1e+08 1e+08 9.11145 1e+08 1e+08 1e+08 1e+08 1e+08 1e+08 1e+08 1e+08 1e+08 1e+08 1e+08 1e+08 1e+08 
1e+08 1e+08 1e+08 1e+08 1e+08 1e+08 1e+08 1e+08 1e+08 1e+08 1e+08 1e+08 1e+08 1e+08 1e+08 1e+08 1e+08 1e+08 1e+08 1e+08 1e+08 1e+08 1e+08 1e+08 1e+08 1e+08 1e+08 1e+08 1e+08 1e+08 1e+08 1e+08 1e+08 1e+08 1e+08 1e+08 1e+08 1e+08 1e+08 1e+08 1e+08 1e+08 1e+08 1e+08 1e+08 1e+08 1e+08 1e+08 1e+08 
1e+08 1e+08 1e+08 1e+08 1e+08 1e+08 1e+08 1e+08 1e+08 1e+08 1e+08 1e+08 1e+08 1e+08 1e+08 1e+08 1e+08 1e+08 1e+08 1e+08 1e+08 1e+08 1e+08 1e+08 1e+08 1e+08 1e+08 1e+08 1e+08 1e+08 1e+08 1e+08 1e+08 1e+08 1e+08 18.8679 1e+08 1e+08 1e+08 9.01876 1e+08 1e+08 1e+08 1e+08 1e+08 1e+08 1e+08 1e+08 1e+08 
1e+08 1e+08 1e+08 1e+08 1e+08 1e+08 1e+08 1e+08 1e+08 1e+08 1e+08 1e+08 1e+08 1e+08 1e+08 1e+08 1e+08 1e+08 1e+08 1e+08 1e+08 1e+08 1e+08 1e+08 1e+08 1e+08 1e+08 1e+08 1e+08 1e+08 1e+08 1e+08 1e+08 18.3554 1e+08 1e+08 1e+08 1e+08 9.01876 1e+08 9.02527 1e+08 1e+08 1e+08 1e+08 1e+08 1e+08 1e+08 1e+08 
1e+08 1e+08 1e+08 1e+08 1e+08 1e+08 1e+08 1e+08 1e+08 1e+08 1e+08 1e+08 1e+08 1e+08 1e+08 1e+08 1e+08 1e+08 1e+08 1e+08 1e+08 1e+08 1e+08 1e+08 1e+08 1e+08 1e+08 1e+08 1e+08 1e+08 1e+08 1e+08 1e+08 1e+08 1e+08 1e+08 1e+08 1e+08 1e+08 9.02527 1e+08 9.05141 1e+08 1e+08 1e+08 1e+08 1e+08 1e+08 1e+08 
1e+08 1e+08 1e+08 1e+08 1e+08 1e+08 1e+08 1e+08 1e+08 1e+08 1e+08 1e+08 1e+08 1e+08 1e+08 1e+08 1e+08 1e+08 1e+08 1e+08 1e+08 1e+08 1e+08 1e+08 1e+08 1e+08 1e+08 1e+08 1e+08 1e+08 1e+08 18.3959 1e+08 1e+08 1e+08 1e+08 1e+08 1e+08 1e+08 1e+08 9.05141 1e+08 9.10481 1e+08 1e+08 1e+08 1e+08 1e+08 1e+08 
1e+08 1e+08 1e+08 1e+08 1e+08 1e+08 1e+08 1e+08 1e+08 1e+08 1e+08 1e+08 1e+08 1e+08 1e+08 1e+08 1e+08 1e+08 1e+08 1e+08 1e+08 1e+08 1e+08 1e+08 1e+08 1e+08 1e+08 1e+08 1e+08 1e+08 1e+08 1e+08 1e+08 1e+08 1e+08 1e+08 1e+08 1e+08 1e+08 1e+08 1e+08 9.10481 1e+08 9.01291 1e+08 1e+08 1e+08 1e+08 1e+08 
1e+08 1e+08 1e+08 1e+08 1e+08 1e+08 1e+08 1e+08 1e+08 1e+08 1e+08 1e+08 1e+08 1e+08 1e+08 1e+08 1e+08 1e+08 1e+08 1e+08 1e+08 1e+08 1e+08 1e+08 1e+08 1e+08 1e+08 1e+08 1e+08 9.33602 1e+08 1e+08 1e+08 1e+08 1e+08 1e+08 1e+08 1e+08 1e+08 1e+08 1e+08 1e+08 9.01291 1e+08 1e+08 1e+08 1e+08 1e+08 1e+08 
1e+08 1e+08 1e+08 1e+08 1e+08 1e+08 1e+08 1e+08 1e+08 1e+08 1e+08 1e+08 1e+08 1e+08 1e+08 1e+08 1e+08 1e+08 1e+08 1e+08 1e+08 1e+08 1e+08 1e+08 1e+08 1e+08 1e+08 1e+08 1e+08 1e+08 1e+08 1e+08 1e+08 1e+08 9.01941 1e+08 1e+08 1e+08 1e+08 1e+08 1e+08 1e+08 1e+08 1e+08 1e+08 9.28678 1e+08 1e+08 1e+08 
1e+08 1e+08 1e+08 1e+08 1e+08 1e+08 1e+08 1e+08 1e+08 1e+08 1e+08 1e+08 1e+08 19.6328 1e+08 1e+08 1e+08 1e+08 1e+08 1e+08 1e+08 1e+08 1e+08 19.6183 1e+08 1e+08 1e+08 1e+08 1e+08 1e+08 1e+08 1e+08 1e+08 1e+08 18.546 1e+08 1e+08 1e+08 1e+08 1e+08 1e+08 1e+08 1e+08 1e+08 9.28678 9.01291 9.55731 19.5932 1e+08 
1e+08 1e+08 1e+08 1e+08 1e+08 1e+08 1e+08 1e+08 1e+08 1e+08 1e+08 1e+08 1e+08 9.01291 1e+08 1e+08 1e+08 1e+08 1e+08 1e+08 1e+08 1e+08 1e+08 1e+08 1e+08 1e+08 1e+08 1e+08 1e+08 1e+08 1e+08 1e+08 1e+08 1e+08 1e+08 1e+08 1e+08 1e+08 1e+08 1e+08 1e+08 1e+08 1e+08 1e+08 1e+08 9.55731 1e+08 9.05797 1e+08 
1e+08 1e+08 1e+08 1e+08 1e+08 1e+08 1e+08 1e+08 1e+08 1e+08 1e+08 9.06454 1e+08 1e+08 1e+08 1e+08 1e+08 1e+08 1e+08 1e+08 1e+08 1e+08 1e+08 1e+08 1e+08 1e+08 1e+08 1e+08 1e+08 1e+08 1e+08 1e+08 1e+08 1e+08 1e+08 1e+08 1e+08 1e+08 1e+08 1e+08 1e+08 1e+08 1e+08 1e+08 1e+08 19.5932 9.05797 1e+08 9.05207 
1e+08 1e+08 9.21829 1e+08 1e+08 1e+08 1e+08 1e+08 1e+08 1e+08 9.07178 1e+08 1e+08 1e+08 1e+08 1e+08 1e+08 1e+08 1e+08 1e+08 1e+08 1e+08 1e+08 1e+08 1e+08 1e+08 1e+08 1e+08 1e+08 1e+08 1e+08 1e+08 1e+08 1e+08 1e+08 1e+08 1e+08 1e+08 1e+08 1e+08 1e+08 1e+08 1e+08 1e+08 1e+08 1e+08 1e+08 9.05207 1e+08 
1e+08 9.00576 1e+08 1e+08 1e+08 1e+08 1e+08 1e+08 1e+08 1e+08 1e+08 1e+08 1e+08 1e+08 1e+08 1e+08 1e+08 1e+08 1e+08 1e+08 1e+08 1e+08 1e+08 1e+08 1e+08 1e+08 1e+08 1e+08 1e+08 1e+08 1e+08 1e+08 1e+08 1e+08 1e+08 1e+08 1e+08 1e+08 1e+08 1e+08 1e+08 1e+08 1e+08 1e+08 1e+08 1e+08 1e+08 1e+08 1e+08 
9.00576 1e+08 1e+08 1e+08 18.4502 1e+08 1e+08 1e+08 1e+08 1e+08 1e+08 1e+08 6.2751 1e+08 1e+08 1e+08 1e+08 1e+08 1e+08 1e+08 1e+08 1e+08 1e+08 1e+08 1e+08 1e+08 1e+08 1e+08 1e+08 1e+08 1e+08 1e+08 1e+08 1e+08 1e+08 1e+08 1e+08 1e+08 1e+08 1e+08 1e+08 1e+08 1e+08 1e+08 1e+08 1e+08 1e+08 1e+08 1e+08 
1e+08 1e+08 1e+08 18.4502 1e+08 1e+08 1e+08 1e+08 1e+08 18.546 1e+08 1e+08 1e+08 1e+08 1e+08 1e+08 1e+08 1e+08 1e+08 1e+08 1e+08 1e+08 1e+08 18.1951 1e+08 1e+08 1e+08 1e+08 1e+08 1e+08 1e+08 1e+08 1e+08 1e+08 1e+08 1e+08 1e+08 1e+08 1e+08 1e+08 1e+08 1e+08 1e+08 1e+08 1e+08 1e+08 1e+08 1e+08 9.58589 
1e+08 1e+08 18.4502 1e+08 9.03832 1e+08 1e+08 1e+08 1e+08 1e+08 1e+08 1e+08 9.02592 1e+08 1e+08 1e+08 1e+08 1e+08 1e+08 1e+08 1e+08 1e+08 1e+08 1e+08 1e+08 1e+08 1e+08 1e+08 1e+08 1e+08 1e+08 1e+08 1e+08 1e+08 1e+08 1e+08 1e+08 1e+08 1e+08 1e+08 1e+08 1e+08 1e+08 1e+08 1e+08 1e+08 1e+08 1e+08 1e+08 
1e+08 18.4502 1e+08 9.03832 1e+08 9.00576 1e+08 1e+08 1e+08 1e+08 1e+08 1e+08 1e+08 1e+08 1e+08 1e+08 1e+08 1e+08 1e+08 1e+08 1e+08 1e+08 1e+08 1e+08 1e+08 1e+08 1e+08 1e+08 1e+08 1e+08 1e+08 1e+08 1e+08 1e+08 1e+08 1e+08 1e+08 1e+08 1e+08 1e+08 1e+08 1e+08 1e+08 1e+08 1e+08 1e+08 1e+08 1e+08 1e+08 
1e+08 1e+08 1e+08 1e+08 9.00576 1e+08 1e+08 1e+08 1e+08 1e+08 1e+08 1e+08 1e+08 1e+08 1e+08 1e+08 1e+08 1e+08 1e+08 1e+08 1e+08 1e+08 1e+08 1e+08 1e+08 1e+08 1e+08 1e+08 1e+08 1e+08 1e+08 1e+08 1e+08 1e+08 1e+08 1e+08 1e+08 1e+08 1e+08 1e+08 1e+08 1e+08 1e+08 1e+08 1e+08 1e+08 1e+08 1e+08 1e+08 
1e+08 1e+08 1e+08 1e+08 1e+08 1e+08 1e+08 9.07178 1e+08 1e+08 1e+08 1e+08 1e+08 1e+08 1e+08 1e+08 1e+08 1e+08 1e+08 1e+08 1e+08 1e+08 1e+08 1e+08 1e+08 1e+08 1e+08 1e+08 1e+08 1e+08 1e+08 1e+08 1e+08 1e+08 1e+08 1e+08 1e+08 1e+08 1e+08 1e+08 1e+08 1e+08 1e+08 1e+08 1e+08 1e+08 1e+08 1e+08 1e+08 
1e+08 1e+08 1e+08 1e+08 1e+08 1e+08 9.07178 1e+08 9.49199 1e+08 1e+08 1e+08 1e+08 1e+08 1e+08 1e+08 1e+08 1e+08 1e+08 18.3554 1e+08 1e+08 1e+08 1e+08 1e+08 1e+08 1e+08 1e+08 1e+08 1e+08 1e+08 1e+08 1e+08 1e+08 1e+08 1e+08 1e+08 1e+08 1e+08 1e+08 1e+08 1e+08 1e+08 1e+08 1e+08 1e+08 1e+08 1e+08 1e+08 
1e+08 1e+08 1e+08 1e+08 1e+08 1e+08 1e+08 9.49199 1e+08 9.09157 1e+08 1e+08 1e+08 1e+08 1e+08 1e+08 1e+08 1e+08 19.1718 1e+08 1e+08 1e+08 1e+08 1e+08 1e+08 1e+08 1e+08 1e+08 1e+08 1e+08 1e+08 1e+08 1e+08 1e+08 1e+08 1e+08 1e+08 1e+08 1e+08 1e+08 1e+08 1e+08 1e+08 1e+08 1e+08 1e+08 1e+08 1e+08 1e+08 
1e+08 1e+08 18.546 1e+08 1e+08 1e+08 1e+08 1e+08 9.09157 1e+08 8.99928 1e+08 1e+08 1e+08 1e+08 1e+08 1e+08 1e+08 1e+08 1e+08 1e+08 1e+08 1e+08 1e+08 1e+08 1e+08 1e+08 1e+08 1e+08 1e+08 1e+08 1e+08 1e+08 1e+08 1e+08 1e+08 1e+08 1e+08 1e+08 1e+08 1e+08 1e+08 1e+08 1e+08 1e+08 1e+08 1e+08 1e+08 1e+08 
1e+08 1e+08 1e+08 1e+08 1e+08 1e+08 1e+08 1e+08 1e+08 8.99928 1e+08 18.1686 1e+08 1e+08 1e+08 1e+08 1e+08 1e+08 1e+08 1e+08 1e+08 1e+08 1e+08 1e+08 1e+08 1e+08 1e+08 1e+08 1e+08 1e+08 1e+08 1e+08 1e+08 1e+08 1e+08 1e+08 1e+08 1e+08 1e+08 1e+08 1e+08 1e+08 1e+08 1e+08 1e+08 1e+08 1e+08 1e+08 9.67567 
1e+08 1e+08 1e+08 1e+08 1e+08 1e+08 1e+08 1e+08 1e+08 1e+08 18.1686 1e+08 1e+08 1e+08 1e+08 1e+08 1e+08 1e+08 1e+08 1e+08 1e+08 1e+08 1e+08 1e+08 1e+08 1e+08 1e+08 1e+08 1e+08 1e+08 1e+08 1e+08 1e+08 1e+08 1e+08 1e+08 1e+08 1e+08 1e+08 1e+08 1e+08 1e+08 1e+08 1e+08 1e+08 1e+08 1e+08 9.0652 1e+08 
1e+08 6.2751 1e+08 9.02592 1e+08 1e+08 1e+08 1e+08 1e+08 1e+08 1e+08 1e+08 1e+08 1e+08 1e+08 1e+08 1e+08 1e+08 1e+08 1e+08 1e+08 1e+08 1e+08 9.13743 1e+08 1e+08 1e+08 1e+08 1e+08 1e+08 1e+08 1e+08 1e+08 1e+08 1e+08 1e+08 1e+08 1e+08 1e+08 1e+08 1e+08 1e+08 1e+08 1e+08 1e+08 1e+08 1e+08 1e+08 1e+08 
1e+08 1e+08 1e+08 1e+08 1e+08 1e+08 1e+08 1e+08 1e+08 1e+08 1e+08 1e+08 1e+08 1e+08 18.3016 1e+08 1e+08 1e+08 1e+08 1e+08 1e+08 1e+08 1e+08 1e+08 1e+08 1e+08 1e+08 1e+08 1e+08 1e+08 1e+08 1e+08 1e+08 1e+08 1e+08 1e+08 1e+08 1e+08 1e+08 1e+08 1e+08 1e+08 1e+08 1e+08 1e+08 1e+08 9.01291 1e+08 1e+08 
1e+08 1e+08 1e+08 1e+08 1e+08 1e+08 1e+08 1e+08 1e+08 1e+08 1e+08 1e+08 1e+08 18.3016 1e+08 9.37734 1e+08 1e+08 1e+08 1e+08 1e+08 1e+08 1e+08 1e+08 1e+08 1e+08 1e+08 1e+08 6.72405 1e+08 1e+08 1e+08 1e+08 1e+08 1e+08 1e+08 1e+08 1e+08 1e+08 1e+08 1e+08 1e+08 1e+08 1e+08 1e+08 1e+08 1e+08 1e+08 1e+08 
1e+08 1e+08 1e+08 1e+08 1e+08 1e+08 1e+08 1e+08 1e+08 1e+08 1e+08 1e+08 1e+08 1e+08 9.37734 1e+08 9.52817 1e+08 1e+08 1e+08 1e+08 1e+08 1e+08 1e+08 1e+08 1e+08 1e+08 9.37734 1e+08 1e+08 1e+08 1e+08 1e+08 1e+08 1e+08 1e+08 1e+08 1e+08 1e+08 1e+08 1e+08 1e+08 1e+08 1e+08 1e+08 1e+08 1e+08 1e+08 1e+08 
1e+08 1e+08 1e+08 1e+08 1e+08 1e+08 1e+08 1e+08 1e+08 1e+08 1e+08 1e+08 1e+08 1e+08 1e+08 9.52817 1e+08 9.57928 1e+08 1e+08 1e+08 1e+08 1e+08 1e+08 1e+08 1e+08 9.343 1e+08 1e+08 1e+08 1e+08 1e+08 1e+08 1e+08 1e+08 1e+08 1e+08 1e+08 1e+08 1e+08 1e+08 1e+08 1e+08 1e+08 1e+08 1e+08 1e+08 1e+08 1e+08 
1e+08 1e+08 1e+08 1e+08 1e+08 1e+08 1e+08 1e+08 1e+08 1e+08 1e+08 1e+08 1e+08 1e+08 1e+08 1e+08 9.57928 1e+08 9.03179 1e+08 1e+08 1e+08 1e+08 1e+08 1e+08 19.305 1e+08 1e+08 1e+08 1e+08 1e+08 1e+08 1e+08 1e+08 1e+08 1e+08 1e+08 1e+08 1e+08 1e+08 1e+08 1e+08 1e+08 1e+08 1e+08 1e+08 1e+08 1e+08 1e+08 
1e+08 1e+08 1e+08 1e+08 1e+08 1e+08 1e+08 1e+08 19.1718 1e+08 1e+08 1e+08 1e+08 1e+08 1e+08 1e+08 1e+08 9.03179 1e+08 9.00641 1e+08 1e+08 1e+08 1e+08 1e+08 1e+08 1e+08 1e+08 1e+08 1e+08 1e+08 1e+08 1e+08 1e+08 1e+08 1e+08 1e+08 1e+08 1e+08 1e+08 1e+08 1e+08 1e+08 1e+08 1e+08 1e+08 1e+08 1e+08 1e+08 
1e+08 1e+08 1e+08 1e+08 1e+08 1e+08 1e+08 18.3554 1e+08 1e+08 1e+08 1e+08 1e+08 1e+08 1e+08 1e+08 1e+08 1e+08 9.00641 1e+08 9.03179 1e+08 1e+08 1e+08 1e+08 1e+08 1e+08 1e+08 1e+08 1e+08 1e+08 1e+08 1e+08 1e+08 1e+08 1e+08 1e+08 1e+08 1e+08 1e+08 1e+08 1e+08 1e+08 1e+08 1e+08 1e+08 1e+08 1e+08 1e+08 
1e+08 1e+08 1e+08 1e+08 1e+08 1e+08 1e+08 1e+08 1e+08 1e+08 1e+08 1e+08 1e+08 1e+08 1e+08 1e+08 1e+08 1e+08 1e+08 9.03179 1e+08 1e+08 1e+08 1e+08 1e+08 1e+08 1e+08 1e+08 1e+08 1e+08 1e+08 1e+08 1e+08 1e+08 1e+08 1e+08 1e+08 1e+08 1e+08 1e+08 1e+08 1e+08 1e+08 1e+08 1e+08 1e+08 1e+08 1e+08 1e+08 
1e+08 1e+08 1e+08 1e+08 1e+08 1e+08 1e+08 1e+08 1e+08 1e+08 1e+08 1e+08 1e+08 1e+08 1e+08 1e+08 1e+08 1e+08 1e+08 1e+08 1e+08 1e+08 9.40628 1e+08 1e+08 1e+08 1e+08 1e+08 1e+08 1e+08 1e+08 1e+08 1e+08 1e+08 1e+08 1e+08 1e+08 1e+08 1e+08 1e+08 1e+08 1e+08 1e+08 1e+08 1e+08 1e+08 1e+08 1e+08 1e+08 
1e+08 1e+08 1e+08 1e+08 1e+08 1e+08 1e+08 1e+08 1e+08 1e+08 1e+08 1e+08 1e+08 1e+08 1e+08 1e+08 1e+08 1e+08 1e+08 1e+08 1e+08 9.40628 1e+08 1e+08 18.0115 1e+08 1e+08 1e+08 1e+08 1e+08 1e+08 1e+08 1e+08 1e+08 1e+08 44.484 1e+08 1e+08 1e+08 1e+08 1e+08 1e+08 1e+08 1e+08 1e+08 1e+08 1e+08 1e+08 1e+08 
1e+08 1e+08 18.1951 1e+08 1e+08 1e+08 1e+08 1e+08 1e+08 1e+08 1e+08 1e+08 9.13743 1e+08 1e+08 1e+08 1e+08 1e+08 1e+08 1e+08 1e+08 1e+08 1e+08 1e+08 1e+08 1e+08 1e+08 1e+08 1e+08 1e+08 1e+08 1e+08 1e+08 1e+08 8.99993 1e+08 1e+08 1e+08 1e+08 1e+08 1e+08 1e+08 1e+08 1e+08 1e+08 19.6183 1e+08 1e+08 1e+08 
1e+08 1e+08 1e+08 1e+08 1e+08 1e+08 1e+08 1e+08 1e+08 1e+08 1e+08 1e+08 1e+08 1e+08 1e+08 1e+08 1e+08 1e+08 1e+08 1e+08 1e+08 1e+08 18.0115 1e+08 1e+08 9.04486 1e+08 1e+08 1e+08 1e+08 1e+08 1e+08 1e+08 19.1131 1e+08 1e+08 1e+08 1e+08 1e+08 1e+08 1e+08 1e+08 1e+08 1e+08 1e+08 1e+08 1e+08 1e+08 1e+08 
1e+08 1e+08 1e+08 1e+08 1e+08 1e+08 1e+08 1e+08 1e+08 1e+08 1e+08 1e+08 1e+08 1e+08 1e+08 1e+08 1e+08 19.305 1e+08 1e+08 1e+08 1e+08 1e+08 1e+08 9.04486 1e+08 9.03179 1e+08 1e+08 1e+08 1e+08 1e+08 18.0245 1e+08 1e+08 1e+08 1e+08 1e+08 1e+08 1e+08 1e+08 1e+08 1e+08 1e+08 1e+08 1e+08 1e+08 1e+08 1e+08 
1e+08 1e+08 1e+08 1e+08 1e+08 1e+08 1e+08 1e+08 1e+08 1e+08 1e+08 1e+08 1e+08 1e+08 1e+08 1e+08 9.343 1e+08 1e+08 1e+08 1e+08 1e+08 1e+08 1e+08 1e+08 9.03179 1e+08 9.01291 1e+08 1e+08 1e+08 1e+08 1e+08 1e+08 1e+08 1e+08 1e+08 1e+08 1e+08 1e+08 1e+08 1e+08 1e+08 1e+08 1e+08 1e+08 1e+08 1e+08 1e+08 
1e+08 1e+08 1e+08 1e+08 1e+08 1e+08 1e+08 1e+08 1e+08 1e+08 1e+08 1e+08 1e+08 1e+08 1e+08 9.37734 1e+08 1e+08 1e+08 1e+08 1e+08 1e+08 1e+08 1e+08 1e+08 1e+08 9.01291 1e+08 9.00641 1e+08 34.1997 1e+08 1e+08 1e+08 1e+08 1e+08 1e+08 1e+08 1e+08 1e+08 1e+08 1e+08 1e+08 1e+08 1e+08 1e+08 1e+08 1e+08 1e+08 
1e+08 1e+08 1e+08 1e+08 1e+08 1e+08 1e+08 1e+08 1e+08 1e+08 1e+08 1e+08 1e+08 1e+08 6.72405 1e+08 1e+08 1e+08 1e+08 1e+08 1e+08 1e+08 1e+08 1e+08 1e+08 1e+08 1e+08 9.00641 1e+08 6.11696 1e+08 1e+08 1e+08 1e+08 1e+08 1e+08 1e+08 1e+08 1e+08 1e+08 1e+08 1e+08 1e+08 1e+08 1e+08 1e+08 1e+08 1e+08 1e+08 
1e+08 1e+08 1e+08 1e+08 1e+08 1e+08 1e+08 1e+08 1e+08 1e+08 1e+08 1e+08 1e+08 1e+08 1e+08 1e+08 1e+08 1e+08 1e+08 1e+08 1e+08 1e+08 1e+08 1e+08 1e+08 1e+08 1e+08 1e+08 6.11696 1e+08 6.22665 1e+08 1e+08 1e+08 1e+08 1e+08 1e+08 1e+08 1e+08 1e+08 1e+08 1e+08 1e+08 9.05207 1e+08 1e+08 1e+08 1e+08 1e+08 
1e+08 1e+08 1e+08 1e+08 1e+08 1e+08 1e+08 1e+08 1e+08 1e+08 1e+08 1e+08 1e+08 1e+08 1e+08 1e+08 1e+08 1e+08 1e+08 1e+08 1e+08 1e+08 1e+08 1e+08 1e+08 1e+08 1e+08 34.1997 1e+08 6.22665 1e+08 6.15915 1e+08 1e+08 1e+08 1e+08 1e+08 1e+08 1e+08 1e+08 1e+08 1e+08 1e+08 1e+08 1e+08 1e+08 1e+08 1e+08 1e+08 
1e+08 1e+08 1e+08 1e+08 1e+08 1e+08 1e+08 1e+08 1e+08 1e+08 1e+08 1e+08 1e+08 1e+08 1e+08 1e+08 1e+08 1e+08 1e+08 1e+08 1e+08 1e+08 1e+08 1e+08 1e+08 1e+08 1e+08 1e+08 1e+08 1e+08 6.15915 1e+08 6.3597 1e+08 1e+08 1e+08 1e+08 1e+08 1e+08 1e+08 1e+08 18.3959 1e+08 1e+08 1e+08 1e+08 1e+08 1e+08 1e+08 
1e+08 1e+08 1e+08 1e+08 1e+08 1e+08 1e+08 1e+08 1e+08 1e+08 1e+08 1e+08 1e+08 1e+08 1e+08 1e+08 1e+08 1e+08 1e+08 1e+08 1e+08 1e+08 1e+08 1e+08 1e+08 18.0245 1e+08 1e+08 1e+08 1e+08 1e+08 6.3597 1e+08 6.3597 1e+08 1e+08 1e+08 1e+08 1e+08 1e+08 1e+08 1e+08 1e+08 1e+08 1e+08 1e+08 1e+08 1e+08 1e+08 
1e+08 1e+08 1e+08 1e+08 1e+08 1e+08 1e+08 1e+08 1e+08 1e+08 1e+08 1e+08 1e+08 1e+08 1e+08 1e+08 1e+08 1e+08 1e+08 1e+08 1e+08 1e+08 1e+08 1e+08 19.1131 1e+08 1e+08 1e+08 1e+08 1e+08 1e+08 1e+08 6.3597 1e+08 1e+08 9.27368 1e+08 1e+08 1e+08 18.3554 1e+08 1e+08 1e+08 1e+08 1e+08 1e+08 1e+08 1e+08 1e+08 
1e+08 1e+08 1e+08 1e+08 1e+08 1e+08 1e+08 1e+08 1e+08 1e+08 1e+08 1e+08 1e+08 1e+08 1e+08 1e+08 1e+08 1e+08 1e+08 1e+08 1e+08 1e+08 1e+08 8.99993 1e+08 1e+08 1e+08 1e+08 1e+08 1e+08 1e+08 1e+08 1e+08 1e+08 1e+08 1e+08 1e+08 1e+08 1e+08 1e+08 1e+08 1e+08 1e+08 1e+08 9.01941 19.0483 1e+08 1e+08 23.6742 
1e+08 1e+08 1e+08 1e+08 1e+08 1e+08 1e+08 1e+08 1e+08 1e+08 1e+08 1e+08 1e+08 1e+08 1e+08 1e+08 1e+08 1e+08 1e+08 1e+08 1e+08 1e+08 44.484 1e+08 1e+08 1e+08 1e+08 1e+08 1e+08 1e+08 1e+08 1e+08 1e+08 9.27368 1e+08 1e+08 9.11145 1e+08 18.8679 1e+08 1e+08 1e+08 1e+08 1e+08 1e+08 1e+08 1e+08 1e+08 1e+08 
1e+08 1e+08 1e+08 1e+08 1e+08 1e+08 1e+08 1e+08 1e+08 1e+08 1e+08 1e+08 1e+08 1e+08 1e+08 1e+08 1e+08 1e+08 1e+08 1e+08 1e+08 1e+08 1e+08 1e+08 1e+08 1e+08 1e+08 1e+08 1e+08 1e+08 1e+08 1e+08 1e+08 1e+08 1e+08 9.11145 1e+08 1e+08 1e+08 1e+08 1e+08 1e+08 1e+08 1e+08 1e+08 1e+08 1e+08 1e+08 1e+08 
1e+08 1e+08 1e+08 1e+08 1e+08 1e+08 1e+08 1e+08 1e+08 1e+08 1e+08 1e+08 1e+08 1e+08 1e+08 1e+08 1e+08 1e+08 1e+08 1e+08 1e+08 1e+08 1e+08 1e+08 1e+08 1e+08 1e+08 1e+08 1e+08 1e+08 1e+08 1e+08 1e+08 1e+08 1e+08 1e+08 1e+08 1e+08 1e+08 1e+08 1e+08 1e+08 1e+08 1e+08 1e+08 1e+08 1e+08 1e+08 1e+08 
1e+08 1e+08 1e+08 1e+08 1e+08 1e+08 1e+08 1e+08 1e+08 1e+08 1e+08 1e+08 1e+08 1e+08 1e+08 1e+08 1e+08 1e+08 1e+08 1e+08 1e+08 1e+08 1e+08 1e+08 1e+08 1e+08 1e+08 1e+08 1e+08 1e+08 1e+08 1e+08 1e+08 1e+08 1e+08 18.8679 1e+08 1e+08 1e+08 9.01876 1e+08 1e+08 1e+08 1e+08 1e+08 1e+08 1e+08 1e+08 1e+08 
1e+08 1e+08 1e+08 1e+08 1e+08 1e+08 1e+08 1e+08 1e+08 1e+08 1e+08 1e+08 1e+08 1e+08 1e+08 1e+08 1e+08 1e+08 1e+08 1e+08 1e+08 1e+08 1e+08 1e+08 1e+08 1e+08 1e+08 1e+08 1e+08 1e+08 1e+08 1e+08 1e+08 18.3554 1e+08 1e+08 1e+08 1e+08 9.01876 1e+08 9.03244 1e+08 1e+08 1e+08 1e+08 1e+08 1e+08 1e+08 1e+08 
1e+08 1e+08 1e+08 1e+08 1e+08 1e+08 1e+08 1e+08 1e+08 1e+08 1e+08 1e+08 1e+08 1e+08 1e+08 1e+08 1e+08 1e+08 1e+08 1e+08 1e+08 1e+08 1e+08 1e+08 1e+08 1e+08 1e+08 1e+08 1e+08 1e+08 1e+08 1e+08 1e+08 1e+08 1e+08 1e+08 1e+08 1e+08 1e+08 9.03244 1e+08 9.05141 1e+08 1e+08 1e+08 1e+08 1e+08 1e+08 1e+08 
1e+08 1e+08 1e+08 1e+08 1e+08 1e+08 1e+08 1e+08 1e+08 1e+08 1e+08 1e+08 1e+08 1e+08 1e+08 1e+08 1e+08 1e+08 1e+08 1e+08 1e+08 1e+08 1e+08 1e+08 1e+08 1e+08 1e+08 1e+08 1e+08 1e+08 1e+08 18.3959 1e+08 1e+08 1e+08 1e+08 1e+08 1e+08 1e+08 1e+08 9.05141 1e+08 9.05207 1e+08 1e+08 1e+08 1e+08 1e+08 1e+08 
1e+08 1e+08 1e+08 1e+08 1e+08 1e+08 1e+08 1e+08 1e+08 1e+08 1e+08 1e+08 1e+08 1e+08 1e+08 1e+08 1e+08 1e+08 1e+08 1e+08 1e+08 1e+08 1e+08 1e+08 1e+08 1e+08 1e+08 1e+08 1e+08 1e+08 1e+08 1e+08 1e+08 1e+08 1e+08 1e+08 1e+08 1e+08 1e+08 1e+08 1e+08 9.05207 1e+08 9.01291 1e+08 1e+08 1e+08 1e+08 1e+08 
1e+08 1e+08 1e+08 1e+08 1e+08 1e+08 1e+08 1e+08 1e+08 1e+08 1e+08 1e+08 1e+08 1e+08 1e+08 1e+08 1e+08 1e+08 1e+08 1e+08 1e+08 1e+08 1e+08 1e+08 1e+08 1e+08 1e+08 1e+08 1e+08 9.05207 1e+08 1e+08 1e+08 1e+08 1e+08 1e+08 1e+08 1e+08 1e+08 1e+08 1e+08 1e+08 9.01291 1e+08 1e+08 1e+08 1e+08 1e+08 1e+08 
1e+08 1e+08 1e+08 1e+08 1e+08 1e+08 1e+08 1e+08 1e+08 1e+08 1e+08 1e+08 1e+08 1e+08 1e+08 1e+08 1e+08 1e+08 1e+08 1e+08 1e+08 1e+08 1e+08 1e+08 1e+08 1e+08 1e+08 1e+08 1e+08 1e+08 1e+08 1e+08 1e+08 1e+08 9.01941 1e+08 1e+08 1e+08 1e+08 1e+08 1e+08 1e+08 1e+08 1e+08 1e+08 9.14411 1e+08 1e+08 1e+08 
1e+08 1e+08 1e+08 1e+08 1e+08 1e+08 1e+08 1e+08 1e+08 1e+08 1e+08 1e+08 1e+08 1e+08 1e+08 1e+08 1e+08 1e+08 1e+08 1e+08 1e+08 1e+08 1e+08 19.6183 1e+08 1e+08 1e+08 1e+08 1e+08 1e+08 1e+08 1e+08 1e+08 1e+08 19.0483 1e+08 1e+08 1e+08 1e+08 1e+08 1e+08 1e+08 1e+08 1e+08 9.14411 9.01876 9.55657 19.5932 1e+08 
1e+08 1e+08 1e+08 1e+08 1e+08 1e+08 1e+08 1e+08 1e+08 1e+08 1e+08 1e+08 1e+08 9.01291 1e+08 1e+08 1e+08 1e+08 1e+08 1e+08 1e+08 1e+08 1e+08 1e+08 1e+08 1e+08 1e+08 1e+08 1e+08 1e+08 1e+08 1e+08 1e+08 1e+08 1e+08 1e+08 1e+08 1e+08 1e+08 1e+08 1e+08 1e+08 1e+08 1e+08 1e+08 9.55657 1e+08 9.05797 1e+08 
1e+08 1e+08 1e+08 1e+08 1e+08 1e+08 1e+08 1e+08 1e+08 1e+08 1e+08 9.0652 1e+08 1e+08 1e+08 1e+08 1e+08 1e+08 1e+08 1e+08 1e+08 1e+08 1e+08 1e+08 1e+08 1e+08 1e+08 1e+08 1e+08 1e+08 1e+08 1e+08 1e+08 1e+08 1e+08 1e+08 1e+08 1e+08 1e+08 1e+08 1e+08 1e+08 1e+08 1e+08 1e+08 19.5932 9.05797 1e+08 9.05207 
1e+08 1e+08 9.58589 1e+08 1e+08 1e+08 1e+08 1e+08 1e+08 1e+08 9.67567 1e+08 1e+08 1e+08 1e+08 1e+08 1e+08 1e+08 1e+08 1e+08 1e+08 1e+08 1e+08 1e+08 1e+08 1e+08 1e+08 1e+08 1e+08 1e+08 1e+08 1e+08 1e+08 1e+08 23.6742 1e+08 1e+08 1e+08 1e+08 1e+08 1e+08 1e+08 1e+08 1e+08 1e+08 1e+08 1e+08 9.05207 1e+08 
