0 2.55329 0 0 0 0 0 2.61679 15.2164 0 0 0 16.9654 0 0 0 0 0 0 0 0 0 0 0 0 0 0 0 0 0 0 0 0 0 0 0 0 0 0 0 0 0 0 0 0 0 0 0 16.9139 
2.55329 0 0 19.1131 14.132 0 0 18.997 0 0 0 0 0 0 0 0 0 0 0 0 0 0 0 0 0 0 0 0 0 0 0 0 0 0 0 0 0 0 0 0 0 0 0 0 0 0 0 0 14.132 
0 0 0 2.51428 0 0 0 0 11.2779 8.81597 18.0115 2.60092 13.4614 19.0985 0 0 0 19.3949 0 0 0 0 0 18.0245 0 0 0 0 0 0 0 0 0 0 2.65278 0 0 0 0 0 0 0 0 0 0 0 0 0 2.55818 
0 19.1131 2.51428 0 0 0 0 0 2.05985 2.05985 0 0 2.57411 0 0 0 0 2.51428 0 0 0 0 0 0 0 0 0 0 0 0 0 0 0 0 0 0 0 0 0 0 0 0 0 0 2.70844 0 0 0 2.54178 
0 14.132 0 0 0 12.5335 2.54003 2.54003 2.05985 0 0 0 0 0 0 0 0 2.54003 0 2.54003 0 0 0 0 0 0 0 0 0 0 0 0 0 0 0 0 0 0 0 0 0 0 0 0 0 0 0 0 0 
0 0 0 0 12.5335 0 2.4998 12.5335 0 0 0 0 0 0 0 0 0 0 0 0 0 0 0 0 0 0 0 0 0 0 0 0 0 0 0 0 0 0 0 0 0 0 0 0 0 0 0 0 0 
0 0 0 0 2.54003 2.4998 0 2.61679 14.0801 0 0 0 0 0 0 0 0 0 2.61679 0 18.3824 0 0 0 0 0 0 0 0 0 0 0 0 0 0 0 0 0 0 0 0 0 0 0 0 0 0 0 0 
2.61679 18.997 0 0 2.54003 12.5335 2.61679 0 8.33295 19.305 0 0 0 0 0 0 0 8.33295 0 2.6247 0 0 0 0 0 0 0 0 0 0 0 0 0 0 0 0 0 0 0 0 0 0 0 0 0 0 0 0 0 
15.2164 0 11.2779 2.05985 2.05985 0 14.0801 8.33295 2.65278 2.65278 12.2847 0 17.9986 0 0 0 0 0 2.64853 2.61463 0 0 0 0 17.9986 0 0 0 0 0 0 0 2.66704 0 2.65278 0 0 0 0 0 0 0 0 0 0 0 0 0 0 
0 0 8.81597 2.05985 0 0 0 19.305 2.65278 2.52893 2.6247 0 0 2.6247 0 0 0 2.52893 0 0 0 0 0 0 0 8.45542 0 0 0 0 0 0 0 0 0 0 0 0 0 0 0 0 0 0 0 0 0 2.65887 0 
0 0 18.0115 0 0 0 0 0 12.2847 2.6247 2.59916 2.53447 0 19.305 0 18.4911 18.4911 0 0 0 0 0 0 0 0 0 18.2482 0 0 0 0 0 0 0 2.59916 0 0 0 0 0 0 0 0 0 0 0 0 0 2.59916 
0 0 2.60092 0 0 0 0 0 0 0 2.53447 0 0 2.665 2.665 0 0 0 0 0 0 0 0 2.53447 0 0 0 18.2482 0 0 0 0 0 0 18.2482 0 0 0 0 0 0 0 0 0 0 0 0 2.53447 0 
16.9654 0 13.4614 2.57411 0 0 0 0 17.9986 0 0 0 0 0 0 0 0 0 0 0 0 0 0 13.4614 0 0 0 0 0 0 0 0 0 0 18.3554 0 0 0 0 0 0 0 0 0 0 0 0 0 12.5024 
0 0 19.0985 0 0 0 0 0 0 2.6247 19.305 2.665 0 0 18.3554 2.71501 2.6247 3.44125 0 0 0 0 0 0 0 0 0 0 18.7547 0 0 0 0 0 19.0985 0 0 0 0 0 0 0 0 0 0 0 0 0 0 
0 0 0 0 0 0 0 0 0 0 0 2.665 0 18.3554 0 0 0 4.97524 0 0 0 0 0 0 0 0 0 14.5953 18.4502 18.4502 0 0 0 0 0 0 0 0 0 0 0 0 0 0 0 0 0 0 0 
0 0 0 0 0 0 0 0 0 0 18.4911 0 0 2.71501 0 0 0 0 0 0 0 0 0 0 0 0 0 2.5072 0 0 2.5072 0 0 0 0 0 0 0 0 0 0 0 0 0 18.2482 0 0 0 0 
0 0 0 0 0 0 0 0 0 0 18.4911 0 0 2.6247 0 0 0 18.1818 18.0375 0 0 0 0 0 0 18.5736 18.0375 18.0636 0 0 0 0 0 0 0 0 0 0 0 0 0 0 0 0 0 0 0 0 0 
0 0 19.3949 2.51428 2.54003 0 0 8.33295 0 2.52893 0 0 0 3.44125 4.97524 0 18.1818 2.64853 0 0 0 0 0 0 2.64853 18.1554 4.97524 0 0 0 0 0 0 0 0 0 0 0 0 0 0 0 0 0 0 0 0 0 0 
0 0 0 0 0 0 2.61679 0 2.64853 0 0 0 0 0 0 0 18.0375 0 0 2.6247 2.6247 0 0 0 0 0 2.62074 0 0 0 0 0 0 18.0115 0 0 0 0 0 0 0 0 0 0 0 0 0 0 0 
0 0 0 0 2.54003 0 0 2.6247 2.61463 0 0 0 0 0 0 0 0 0 2.6247 0 18.0897 0 18.315 0 2.6247 0 0 0 0 0 0 0 4.32945 0 0 0 0 0 0 0 0 0 0 0 0 0 0 0 0 
0 0 0 0 0 0 18.3824 0 0 0 0 0 0 0 0 0 0 0 2.6247 18.0897 0 18.6428 0 0 0 0 0 0 0 0 0 0 0 0 0 0 0 0 0 0 0 0 0 0 0 0 0 0 0 
0 0 0 0 0 0 0 0 0 0 0 0 0 0 0 0 0 0 0 0 18.6428 0 0 0 18.9394 0 0 0 0 0 0 0 0 0 0 0 18.5874 0 0 0 0 0 0 0 0 0 0 0 0 
0 0 0 0 0 0 0 0 0 0 0 0 0 0 0 0 0 0 0 18.315 0 0 0 0 0 0 0 0 0 0 0 0 2.51446 0 0 18.3824 18.0897 0 18.7688 0 0 2.63646 0 0 0 0 0 0 0 
0 0 18.0245 0 0 0 0 0 0 0 0 2.53447 13.4614 0 0 0 0 0 0 0 0 0 0 0 0 0 0 0 0 0 0 0 0 0 0 0 0 0 0 0 0 0 0 0 18.0245 0 0 18.2349 18.2482 
0 0 0 0 0 0 0 0 17.9986 0 0 0 0 0 0 0 0 2.64853 0 2.6247 0 18.9394 0 0 0 0 0 0 0 0 0 0 2.56461 0 0 0 0 0 0 0 0 0 0 0 0 0 0 0 0 
0 0 0 0 0 0 0 0 0 8.45542 0 0 0 0 0 0 18.5736 18.1554 0 0 0 0 0 0 0 0 18.1028 18.2216 0 0 0 2.61463 2.61463 0 0 0 0 0 0 0 2.61463 0 2.73188 0 0 0 0 0 0 
0 0 0 0 0 0 0 0 0 0 18.2482 0 0 0 0 0 18.0375 4.97524 2.62074 0 0 0 0 0 0 18.1028 0 2.56082 0 2.54022 0 2.54022 0 0 0 0 0 0 0 0 0 19.5313 2.61069 0 0 0 0 0 0 
0 0 0 0 0 0 0 0 0 0 0 18.2482 0 0 14.5953 2.5072 18.0636 0 0 0 0 0 0 0 0 18.2216 2.56082 0 19.7316 19.7316 18.2083 0 0 0 0 0 0 0 0 0 0 0 19.3798 0 0 0 0 0 0 
0 0 0 0 0 0 0 0 0 0 0 0 0 18.7547 18.4502 0 0 0 0 0 0 0 0 0 0 0 0 19.7316 0 0 0 0 0 0 0 0 0 0 0 0 0 0 0 19.0985 0 0 18.6846 0 0 
0 0 0 0 0 0 0 0 0 0 0 0 0 0 18.4502 0 0 0 0 0 0 0 0 0 0 0 2.54022 19.7316 0 0 0 4.44929 0 0 0 0 0 0 0 0 0 0 0 0 0 0 0 0 0 
0 0 0 0 0 0 0 0 0 0 0 0 0 0 0 2.5072 0 0 0 0 0 0 0 0 0 0 0 18.2083 0 0 0 17.9986 17.9986 0 0 0 0 0 0 0 0 0 18.4775 18.5322 0 0 0 0 0 
0 0 0 0 0 0 0 0 0 0 0 0 0 0 0 0 0 0 0 0 0 0 0 0 0 2.61463 2.54022 0 0 4.44929 17.9986 0 18.2615 19.5465 0 0 0 0 0 0 18.6706 2.69603 0 0 0 0 0 0 0 
0 0 0 0 0 0 0 0 2.66704 0 0 0 0 0 0 0 0 0 0 4.32945 0 0 2.51446 0 2.56461 2.61463 0 0 0 0 17.9986 18.2615 0 0 0 0 0 0 0 0 18.7688 18.2615 0 0 0 0 0 0 0 
0 0 0 0 0 0 0 0 0 0 0 0 0 0 0 0 0 0 18.0115 0 0 0 0 0 0 0 0 0 0 0 0 19.5465 0 0 0 18.3824 0 0 0 0 0 0 0 0 0 0 0 0 0 
0 0 2.65278 0 0 0 0 0 2.65278 0 2.59916 18.2482 18.3554 19.0985 0 0 0 0 0 0 0 0 0 0 0 0 0 0 0 0 0 0 0 0 0 0 0 0 0 0 0 0 0 0 0 0 0 0 0 
0 0 0 0 0 0 0 0 0 0 0 0 0 0 0 0 0 0 0 0 0 0 18.3824 0 0 0 0 0 0 0 0 0 0 18.3824 0 0 18.0245 0 18.9251 18.9251 0 0 0 0 0 0 0 0 0 
0 0 0 0 0 0 0 0 0 0 0 0 0 0 0 0 0 0 0 0 0 18.5874 18.0897 0 0 0 0 0 0 0 0 0 0 0 0 18.0245 0 0 19.216 0 0 0 0 0 0 0 0 0 0 
0 0 0 0 0 0 0 0 0 0 0 0 0 0 0 0 0 0 0 0 0 0 0 0 0 0 0 0 0 0 0 0 0 0 0 0 0 0 18.8822 18.9251 0 0 0 0 0 0 0 0 0 
0 0 0 0 0 0 0 0 0 0 0 0 0 0 0 0 0 0 0 0 0 0 18.7688 0 0 0 0 0 0 0 0 0 0 0 0 18.9251 19.216 18.8822 0 18.2749 18.2749 0 0 0 0 0 0 0 0 
0 0 0 0 0 0 0 0 0 0 0 0 0 0 0 0 0 0 0 0 0 0 0 0 0 0 0 0 0 0 0 0 0 0 0 18.9251 0 18.9251 18.2749 0 18.3959 18.6706 0 0 0 0 0 0 0 
0 0 0 0 0 0 0 0 0 0 0 0 0 0 0 0 0 0 0 0 0 0 0 0 0 2.61463 0 0 0 0 0 18.6706 18.7688 0 0 0 0 0 18.2749 18.3959 0 19.7316 19.7316 0 0 0 0 0 0 
0 0 0 0 0 0 0 0 0 0 0 0 0 0 0 0 0 0 0 0 0 0 2.63646 0 0 0 19.5313 0 0 0 0 2.69603 18.2615 0 0 0 0 0 0 18.6706 19.7316 0 18.0115 18.3959 0 0 0 0 0 
0 0 0 0 0 0 0 0 0 0 0 0 0 0 0 0 0 0 0 0 0 0 0 0 0 2.73188 2.61069 19.3798 0 0 18.4775 0 0 0 0 0 0 0 0 0 19.7316 18.0115 0 0 0 0 0 0 0 
0 0 0 0 0 0 0 0 0 0 0 0 0 0 0 0 0 0 0 0 0 0 0 0 0 0 0 0 19.0985 0 18.5322 0 0 0 0 0 0 0 0 0 0 18.3959 0 0 0 0 0 0 0 
0 0 0 2.70844 0 0 0 0 0 0 0 0 0 0 0 18.2482 0 0 0 0 0 0 0 18.0245 0 0 0 0 0 0 0 0 0 0 0 0 0 0 0 0 0 0 0 0 0 2.71479 0 18.7688 0 
0 0 0 0 0 0 0 0 0 0 0 0 0 0 0 0 0 0 0 0 0 0 0 0 0 0 0 0 0 0 0 0 0 0 0 0 0 0 0 0 0 0 0 0 2.71479 0 18.0115 0 0 
0 0 0 0 0 0 0 0 0 0 0 0 0 0 0 0 0 0 0 0 0 0 0 0 0 0 0 0 18.6846 0 0 0 0 0 0 0 0 0 0 0 0 0 0 0 0 18.0115 0 0 0 
0 0 0 0 0 0 0 0 0 2.65887 0 2.53447 0 0 0 0 0 0 0 0 0 0 0 18.2349 0 0 0 0 0 0 0 0 0 0 0 0 0 0 0 0 0 0 0 0 18.7688 0 0 0 0 
16.9139 14.132 2.55818 2.54178 0 0 0 0 0 0 2.59916 0 12.5024 0 0 0 0 0 0 0 0 0 0 18.2482 0 0 0 0 0 0 0 0 0 0 0 0 0 0 0 0 0 0 0 0 0 0 0 0 0 
0 2.55329 17.9986 18.0115 18.1818 18.9107 0 18.5048 18.997 8.98953 18.3959 17.9986 16.9654 36.2412 0 18.3959 18.423 0 18.8111 12.5165 18.1028 18.0115 18.0505 0 0 18.997 0 0 18.1159 17.9986 18.1554 0 18.2615 18.4366 0 18.3016 18.0115 18.0636 18.4366 18.1554 18.2615 0 18.1951 17.9986 18.1554 18.1554 18.3016 18.1422 18.1422 
2.55329 0 0 2.5684 18.7547 19.0259 0 17.9775 0 0 0 0 0 0 0 0 0 0 0 0 0 0 0 0 0 0 0 0 0 0 0 0 0 0 0 0 0 0 0 0 0 0 0 0 0 0 0 0 0 
17.9986 0 0 2.51446 0 0 0 0 2.50193 2.58177 18.1028 0 12.5278 2.72118 0 0 0 11.6396 0 0 0 0 0 2.59334 0 0 0 0 0 0 0 0 0 0 18.4911 0 0 0 0 0 0 0 0 0 0 0 0 2.57602 2.55818 
18.0115 2.5684 2.51446 2.69165 6.84514 0 0 7.96598 6.84514 18.8253 6.02816 0 2.57392 0 0 0 0 0 0 0 0 0 0 0 0 0 0 0 0 0 0 0 0 0 0 0 0 0 0 0 0 0 0 0 0 0 0 0 18.615 
18.1818 18.7547 0 6.84514 17.364 0 0 2.54749 0 0 0 0 0 0 0 0 0 0 0 0 0 0 0 0 0 0 0 0 0 0 0 0 0 0 0 0 0 0 0 0 0 0 0 0 0 0 0 0 0 
18.9107 19.0259 0 0 0 0 0 0 0 2.58177 0 0 13.9885 0 0 0 0 2.4998 2.69792 0 0 0 0 0 0 0 0 0 0 0 0 0 0 0 2.5236 0 0 0 0 0 0 0 0 0 0 0 0 0 0 
0 0 0 0 0 0 2.4998 18.5048 0 0 0 0 0 0 0 0 0 15.223 0 0 18.1028 18.8822 0 0 0 0 0 0 0 0 0 0 0 0 0 0 0 0 0 0 0 0 0 0 0 0 0 0 0 
18.5048 17.9775 0 7.96598 2.54749 0 18.5048 0 18.997 2.63067 0 0 0 0 0 0 0 0 0 18.0245 0 0 0 0 0 0 0 0 0 0 0 0 0 0 0 0 0 0 0 0 0 0 0 0 0 0 0 0 0 
18.997 0 2.50193 6.84514 0 0 0 18.997 0 11.6462 18.9251 0 0 0 0 0 0 11.8737 2.62451 0 2.61463 0 0 0 0 0 0 0 0 0 0 0 0 0 0 0 0 0 0 0 0 0 0 0 0 0 0 0 0 
8.98953 0 2.58177 18.8253 0 2.58177 0 2.63067 11.6462 0 6.02816 18.546 0 2.665 0 0 0 2.52893 9.182 0 0 0 0 2.59334 0 2.65075 0 0 0 0 0 0 0 0 0 0 0 0 0 0 0 0 0 0 0 0 0 0 2.59334 
18.3959 0 18.1028 6.02816 0 0 0 0 18.9251 6.02816 0 2.53447 0 0 0 0 2.55875 2.65075 0 0 0 0 0 18.1028 0 0 18.2615 0 0 0 0 0 0 0 0 0 0 0 0 0 0 0 0 0 0 0 0 0 2.70844 
17.9986 0 0 0 0 0 0 0 0 18.546 2.53447 0 0 4.74347 4.74347 2.60111 18.2615 0 0 0 0 0 0 2.53447 0 0 0 18.5598 0 0 0 0 0 0 0 0 0 0 0 0 0 0 0 0 0 0 0 18.8253 0 
16.9654 0 12.5278 2.57392 0 13.9885 0 0 0 0 0 0 0 0 0 0 0 0 0 0 0 0 0 12.5278 0 0 0 0 0 0 0 0 0 0 12.8988 0 0 0 0 0 0 0 0 0 0 0 0 0 0 
36.2412 0 2.72118 0 0 0 0 0 0 2.665 0 4.74347 0 0 0 0 2.55875 2.65075 0 0 0 0 0 0 0 0 0 0 0 0 0 0 0 0 0 0 0 0 0 0 0 0 0 0 0 18.0897 18.1291 18.8253 2.66091 
0 0 0 0 0 0 0 0 0 0 0 4.74347 0 0 0 0 18.2615 0 0 0 0 0 0 0 0 0 0 2.60111 18.7829 0 0 2.57985 0 0 0 0 0 0 0 0 0 2.51629 2.72139 0 0 0 18.1291 0 0 
18.3959 0 0 0 0 0 0 0 0 0 0 2.60111 0 0 0 0 2.51994 0 0 0 0 0 0 0 0 0 0 2.51446 0 0 0 0 0 0 0 0 0 0 0 0 0 0 0 0 0 0 0 0 2.70844 
18.423 0 0 0 0 0 0 0 0 0 2.55875 18.2615 0 2.55875 18.2615 2.51994 0 18.0375 0 0 0 0 0 0 0 18.8964 18.0375 0 0 0 0 0 0 0 0 0 0 0 0 0 0 0 0 0 0 0 0 0 19.2012 
0 0 11.6396 0 0 2.4998 15.223 0 11.8737 2.52893 2.65075 0 0 2.65075 0 0 18.0375 0 18.7688 3.71043 0 0 0 0 0 18.1686 18.0375 0 0 0 0 0 2.64853 0 0 0 0 0 0 0 0 0 0 0 0 0 0 0 0 
18.8111 0 0 0 0 2.69792 0 0 2.62451 9.182 0 0 0 0 0 0 0 18.7688 0 18.0115 18.0115 0 0 0 0 0 0 0 0 0 0 0 0 0 0 0 0 0 0 0 0 0 0 0 0 0 0 0 0 
12.5165 0 0 0 0 0 0 18.0245 0 0 0 0 0 0 0 0 0 3.71043 18.0115 18.1818 0 0 0 0 19.216 0 0 0 0 0 0 0 0 0 0 18.0636 0 0 0 0 0 0 0 0 0 0 0 0 0 
18.1028 0 0 0 0 0 18.1028 0 2.61463 0 0 0 0 0 0 0 0 0 18.0115 0 0 18.1818 18.3284 0 0 0 0 0 0 0 0 0 0 0 0 0 0 0 0 0 0 0 0 0 0 0 0 0 0 
18.0115 0 0 0 0 0 18.8822 0 0 0 0 0 0 0 0 0 0 0 0 0 18.1818 0 18.3284 0 0 0 0 0 0 0 0 0 0 2.57966 0 0 18.5874 0 0 0 0 0 0 0 0 0 0 0 0 
18.0505 0 0 0 0 0 0 0 0 0 0 0 0 0 0 0 0 0 0 0 18.3284 18.3284 18.1818 0 18.1818 0 0 0 0 0 0 0 0 0 0 0 0 0 0 0 0 0 0 0 0 0 0 0 0 
0 0 2.59334 0 0 0 0 0 0 2.59334 18.1028 2.53447 12.5278 0 0 0 0 0 0 0 0 0 0 0 0 0 0 0 0 0 0 0 0 0 2.5236 0 0 0 0 0 0 0 0 0 19.6541 0 0 0 0 
0 0 0 0 0 0 0 0 0 0 0 0 0 0 0 0 0 0 0 19.216 0 0 18.1818 0 0 0 3.49424 0 0 0 0 0 18.3554 0 0 0 0 0 0 0 0 2.67115 0 0 0 0 0 0 0 
18.997 0 0 0 0 0 0 0 0 2.65075 0 0 0 0 0 0 18.8964 18.1686 0 0 0 0 0 0 0 0 18.1028 18.0245 0 0 0 19.0694 18.997 0 0 0 0 0 0 0 18.4911 0 0 0 0 0 0 0 0 
0 0 0 0 0 0 0 0 0 0 18.2615 0 0 0 0 0 18.0375 18.0375 0 0 0 0 0 0 3.49424 18.1028 0 18.8822 18.0245 0 18.997 18.1159 18.1028 0 0 0 0 0 0 0 0 19.5313 0 0 0 0 0 0 0 
0 0 0 0 0 0 0 0 0 0 0 18.5598 0 0 2.60111 2.51446 0 0 0 0 0 0 0 0 0 18.0245 18.8822 0 0 19.3949 3.05385 18.315 0 0 0 0 0 0 0 0 0 0 18.3284 0 0 0 0 0 0 
18.1159 0 0 0 0 0 0 0 0 0 0 0 0 0 18.7829 0 0 0 0 0 0 0 0 0 0 0 18.0245 0 0 19.6232 0 0 0 0 0 0 0 0 0 0 0 0 2.58158 0 0 0 0 0 0 
17.9986 0 0 0 0 0 0 0 0 0 0 0 0 0 0 0 0 0 0 0 0 0 0 0 0 0 0 19.3949 19.6232 0 0 18.0245 0 0 0 0 0 0 0 0 0 18.1159 18.0766 0 0 0 0 0 0 
18.1554 0 0 0 0 0 0 0 0 0 0 0 0 0 0 0 0 0 0 0 0 0 0 0 0 0 18.997 3.05385 0 0 0 18.3959 18.2882 0 0 0 0 0 0 0 0 0 0 18.8679 0 0 0 0 0 
0 0 0 0 0 0 0 0 0 0 0 0 0 0 2.57985 0 0 0 0 0 0 0 0 0 0 19.0694 18.1159 18.315 0 18.0245 18.3959 0 2.54003 2.57985 0 0 0 0 0 0 2.54003 18.7126 0 0 0 0 0 0 0 
18.2615 0 0 0 0 0 0 0 0 0 0 0 0 0 0 0 0 2.64853 0 0 0 0 0 0 18.3554 18.997 18.1028 0 0 0 18.2882 2.54003 0 0 0 18.3959 0 0 0 0 2.57011 2.54003 0 0 0 0 0 0 0 
18.4366 0 0 0 0 0 0 0 0 0 0 0 0 0 0 0 0 0 0 0 0 2.57966 0 0 0 0 0 0 0 0 0 2.57985 0 2.65278 0 0 18.9394 0 0 17.9986 18.2749 0 0 0 0 0 0 0 0 
0 0 18.4911 0 0 2.5236 0 0 0 0 0 0 12.8988 0 0 0 0 0 0 0 0 0 0 2.5236 0 0 0 0 0 0 0 0 0 0 14.3374 0 0 0 0 0 0 0 0 0 0 18.1291 0 0 2.54936 
18.3016 0 0 0 0 0 0 0 0 0 0 0 0 0 0 0 0 0 0 18.0636 0 0 0 0 0 0 0 0 0 0 0 0 18.3959 0 0 0 0 0 2.61089 18.4775 0 0 0 0 0 0 0 0 0 
18.0115 0 0 0 0 0 0 0 0 0 0 0 0 0 0 0 0 0 0 0 0 18.5874 0 0 0 0 0 0 0 0 0 0 0 18.9394 0 0 0 0 19.216 0 0 0 0 0 0 0 0 0 0 
18.0636 0 0 0 0 0 0 0 0 0 0 0 0 0 0 0 0 0 0 0 0 0 0 0 0 0 0 0 0 0 0 0 0 0 0 0 0 0 18.3688 18.9538 0 0 0 0 0 0 0 0 0 
18.4366 0 0 0 0 0 0 0 0 0 0 0 0 0 0 0 0 0 0 0 0 0 0 0 0 0 0 0 0 0 0 0 0 0 0 2.61089 19.216 18.3688 0 0 2.61089 0 0 0 0 0 0 0 0 
18.1554 0 0 0 0 0 0 0 0 0 0 0 0 0 0 0 0 0 0 0 0 0 0 0 0 0 0 0 0 0 0 0 0 17.9986 0 18.4775 0 18.9538 0 0 17.9986 2.52709 0 0 0 0 0 0 0 
18.2615 0 0 0 0 0 0 0 0 0 0 0 0 0 0 0 0 0 0 0 0 0 0 0 0 18.4911 0 0 0 0 0 2.54003 2.57011 18.2749 0 0 0 0 2.61089 17.9986 0 18.1951 0 0 0 0 0 0 0 
0 0 0 0 0 0 0 0 0 0 0 0 0 0 2.51629 0 0 0 0 0 0 0 0 0 2.67115 0 19.5313 0 0 18.1159 0 18.7126 2.54003 0 0 0 0 0 0 2.52709 18.1951 0 18.0115 19.5771 0 0 0 0 0 
18.1951 0 0 0 0 0 0 0 0 0 0 0 0 0 2.72139 0 0 0 0 0 0 0 0 0 0 0 0 18.3284 2.58158 18.0766 0 0 0 0 0 0 0 0 0 0 0 18.0115 0 2.69185 0 0 0 0 0 
17.9986 0 0 0 0 0 0 0 0 0 0 0 0 0 0 0 0 0 0 0 0 0 0 0 0 0 0 0 0 0 18.8679 0 0 0 0 0 0 0 0 0 0 19.5771 2.69185 0 0 0 0 0 0 
18.1554 0 0 0 0 0 0 0 0 0 0 0 0 0 0 0 0 0 0 0 0 0 0 19.6541 0 0 0 0 0 0 0 0 0 0 0 0 0 0 0 0 0 0 0 0 0 18.1291 0 18.1951 2.54936 
18.1554 0 0 0 0 0 0 0 0 0 0 0 0 18.0897 0 0 0 0 0 0 0 0 0 0 0 0 0 0 0 0 0 0 0 0 18.1291 0 0 0 0 0 0 0 0 0 18.1291 18.4094 0 0 0 
18.3016 0 0 0 0 0 0 0 0 0 0 0 0 18.1291 18.1291 0 0 0 0 0 0 0 0 0 0 0 0 0 0 0 0 0 0 0 0 0 0 0 0 0 0 0 0 0 0 0 0 18.6986 5.18242 
18.1422 0 2.57602 0 0 0 0 0 0 0 0 18.8253 0 18.8253 0 0 0 0 0 0 0 0 0 0 0 0 0 0 0 0 0 0 0 0 0 0 0 0 0 0 0 0 0 0 18.1951 0 18.6986 0 0 
18.1422 0 2.55818 18.615 0 0 0 0 0 2.59334 2.70844 0 0 2.66091 0 2.70844 19.2012 0 0 0 0 0 0 0 0 0 0 0 0 0 0 0 0 0 2.54936 0 0 0 0 0 0 0 0 0 2.54936 0 5.18242 0 0 
0 2.55329 17.9986 18.0115 18.1818 18.9107 0 16.4573 15.2164 8.98953 18.3959 17.9986 16.9654 36.2412 0 18.3959 18.423 0 18.8111 12.5165 18.1028 18.0115 18.0505 0 0 18.997 0 0 18.1159 17.9986 18.1554 0 18.2615 18.4366 0 18.3016 18.0115 18.0636 18.4366 18.1554 18.2615 0 18.1951 17.9986 18.1554 18.1554 18.3016 18.1422 18.1422 
2.55329 0 0 2.5684 0 19.0259 16.4573 0 0 0 0 0 18.0636 0 0 0 0 0 0 0 0 0 0 0 0 0 0 0 0 0 0 0 0 0 0 0 0 0 0 0 0 0 0 0 0 0 0 0 0 
17.9986 0 0 2.51428 0 0 0 0 2.50193 2.58177 18.1291 0 12.5287 2.72118 0 0 0 11.9142 0 0 0 0 0 2.59334 0 0 0 0 0 0 0 0 0 0 2.72118 0 0 0 0 0 0 0 0 0 0 0 0 2.57602 2.55818 
18.0115 2.5684 2.51428 0 0 0 0 7.96598 2.67732 18.8253 6.02816 0 2.57392 0 0 0 0 2.51428 0 0 0 0 0 2.65684 0 0 0 0 0 0 0 0 0 0 19.3949 0 0 0 0 0 0 0 0 0 0 0 0 0 18.615 
18.1818 0 0 0 17.364 0 0 2.54749 0 0 0 0 0 0 0 0 0 0 0 0 0 0 0 0 0 0 0 0 0 0 0 0 0 0 0 0 0 0 0 0 0 0 0 0 0 0 0 0 0 
18.9107 19.0259 0 0 0 0 0 0 0 2.58177 0 0 13.9885 0 0 0 0 2.4998 2.69792 0 0 0 0 0 0 0 0 0 0 0 0 0 0 0 2.5236 0 0 0 0 0 0 0 0 0 0 0 0 0 0 
0 16.4573 0 0 0 0 2.4998 16.4573 8.77357 0 0 0 0 0 0 0 0 15.223 0 0 18.1028 18.8822 0 0 0 0 0 0 0 0 0 0 0 0 0 0 0 0 0 0 0 0 0 0 0 0 0 0 0 
16.4573 0 0 7.96598 2.54749 0 16.4573 0 0 0 0 0 0 0 0 0 0 0 0 18.0245 0 0 0 0 0 0 0 0 0 0 0 0 0 0 0 0 0 0 0 0 0 0 0 0 0 0 0 0 0 
15.2164 0 2.50193 2.67732 0 0 8.77357 0 0 9.64506 18.9251 0 0 0 0 0 0 9.64506 2.62451 0 2.61463 0 0 0 0 0 0 0 0 0 0 0 0 0 11.5614 0 0 0 0 0 0 0 0 0 0 0 0 0 0 
8.98953 0 2.58177 18.8253 0 2.58177 0 0 9.64506 0 6.02816 18.546 0 2.66479 0 0 0 2.52893 9.182 0 0 0 0 2.59334 0 2.65075 0 0 0 0 0 0 0 0 0 0 0 0 0 0 0 0 0 0 0 0 0 0 2.59334 
18.3959 0 18.1291 6.02816 0 0 0 0 18.9251 6.02816 0 2.53447 0 0 0 0 2.55875 2.65055 0 0 0 0 0 18.1028 0 0 18.2615 0 0 0 0 0 0 0 18.1028 0 0 0 0 0 0 0 0 0 0 0 0 0 2.70844 
17.9986 0 0 0 0 0 0 0 0 18.546 2.53447 0 0 4.74347 4.74347 2.60111 18.2615 0 0 0 0 0 0 2.53447 0 0 0 18.5598 0 0 0 0 0 0 0 0 0 0 0 0 0 0 0 0 0 0 0 18.8253 0 
16.9654 18.0636 12.5287 2.57392 0 13.9885 0 0 0 0 0 0 0 0 0 0 0 0 0 0 0 0 0 12.5287 0 0 0 0 0 0 0 0 0 0 2.5034 0 0 0 0 0 0 0 0 0 0 0 0 0 0 
36.2412 0 2.72118 0 0 0 0 0 0 2.66479 0 4.74347 0 0 0 0 2.55875 2.65055 0 0 0 0 0 0 0 0 0 0 0 0 0 0 0 0 0 0 0 0 0 0 0 0 0 0 0 18.0897 18.1291 18.8253 2.66091 
0 0 0 0 0 0 0 0 0 0 0 4.74347 0 0 0 0 18.2615 0 0 0 0 0 0 0 0 0 0 2.60111 18.7829 0 0 2.57985 0 0 0 0 0 0 0 0 0 2.51629 2.72139 0 0 0 18.1291 0 0 
18.3959 0 0 0 0 0 0 0 0 0 0 2.60111 0 0 0 0 2.51994 0 0 0 0 0 0 0 0 0 0 2.51428 0 0 0 0 0 0 0 0 0 0 0 0 0 0 0 0 0 0 0 0 2.70844 
18.423 0 0 0 0 0 0 0 0 0 2.55875 18.2615 0 2.55875 18.2615 2.51994 0 18.0375 0 0 0 0 0 0 0 18.8964 18.0375 0 0 0 0 0 0 0 0 0 0 0 0 0 0 0 0 0 0 0 0 0 19.2012 
0 0 11.9142 2.51428 0 2.4998 15.223 0 9.64506 2.52893 2.65055 0 0 2.65055 0 0 18.0375 0 18.7688 3.71043 0 0 0 0 0 18.1686 18.0375 0 0 0 0 0 2.64853 0 0 0 0 0 0 0 0 0 0 0 0 0 0 0 0 
18.8111 0 0 0 0 2.69792 0 0 2.62451 9.182 0 0 0 0 0 0 0 18.7688 0 18.0115 18.0115 0 0 0 0 0 0 0 0 0 0 0 0 0 0 0 0 0 0 0 0 0 0 0 0 0 0 0 0 
12.5165 0 0 0 0 0 0 18.0245 0 0 0 0 0 0 0 0 0 3.71043 18.0115 18.1818 0 0 0 0 19.216 0 0 0 0 0 0 0 0 0 0 18.0636 0 0 0 0 0 0 0 0 0 0 0 0 0 
18.1028 0 0 0 0 0 18.1028 0 2.61463 0 0 0 0 0 0 0 0 0 18.0115 0 0 18.1818 18.3284 0 0 0 0 0 0 0 0 0 0 0 0 0 0 0 0 0 0 0 0 0 0 0 0 0 0 
18.0115 0 0 0 0 0 18.8822 0 0 0 0 0 0 0 0 0 0 0 0 0 18.1818 0 18.3284 0 0 0 0 0 0 0 0 0 0 2.57966 0 0 18.5874 0 0 0 0 0 0 0 0 0 0 0 0 
18.0505 0 0 0 0 0 0 0 0 0 0 0 0 0 0 0 0 0 0 0 18.3284 18.3284 18.1818 0 18.1818 0 0 0 0 0 0 0 0 0 0 0 0 0 0 0 0 0 0 0 0 0 0 0 0 
0 0 2.59334 2.65684 0 0 0 0 0 2.59334 18.1028 2.53447 12.5287 0 0 0 0 0 0 0 0 0 0 0 0 0 0 0 0 0 0 0 0 0 2.5236 0 0 0 0 0 0 0 0 0 19.6541 0 0 0 0 
0 0 0 0 0 0 0 0 0 0 0 0 0 0 0 0 0 0 0 19.216 0 0 18.1818 0 0 0 3.49424 0 0 0 0 0 18.3554 0 0 0 0 0 0 0 0 2.67115 0 0 0 0 0 0 0 
18.997 0 0 0 0 0 0 0 0 2.65075 0 0 0 0 0 0 18.8964 18.1686 0 0 0 0 0 0 0 0 18.1028 18.0245 0 0 0 19.0694 18.997 0 0 0 0 0 0 0 18.4911 0 0 0 0 0 0 0 0 
0 0 0 0 0 0 0 0 0 0 18.2615 0 0 0 0 0 18.0375 18.0375 0 0 0 0 0 0 3.49424 18.1028 0 18.8822 18.0245 0 18.997 18.1159 18.1028 0 0 0 0 0 0 0 0 19.5313 0 0 0 0 0 0 0 
0 0 0 0 0 0 0 0 0 0 0 18.5598 0 0 2.60111 2.51428 0 0 0 0 0 0 0 0 0 18.0245 18.8822 0 0 19.3949 3.05385 18.315 0 0 0 0 0 0 0 0 0 0 18.3284 0 0 0 0 0 0 
18.1159 0 0 0 0 0 0 0 0 0 0 0 0 0 18.7829 0 0 0 0 0 0 0 0 0 0 0 18.0245 0 0 19.6232 0 0 0 0 0 0 0 0 0 0 0 0 2.58158 0 0 0 0 0 0 
17.9986 0 0 0 0 0 0 0 0 0 0 0 0 0 0 0 0 0 0 0 0 0 0 0 0 0 0 19.3949 19.6232 0 0 18.0245 0 0 0 0 0 0 0 0 0 18.1159 18.0766 0 0 0 0 0 0 
18.1554 0 0 0 0 0 0 0 0 0 0 0 0 0 0 0 0 0 0 0 0 0 0 0 0 0 18.997 3.05385 0 0 0 18.3959 18.2882 0 0 0 0 0 0 0 0 0 0 18.8679 0 0 0 0 0 
0 0 0 0 0 0 0 0 0 0 0 0 0 0 2.57985 0 0 0 0 0 0 0 0 0 0 19.0694 18.1159 18.315 0 18.0245 18.3959 0 2.54003 2.57985 0 0 0 0 0 0 2.54003 18.7126 0 0 0 0 0 0 0 
18.2615 0 0 0 0 0 0 0 0 0 0 0 0 0 0 0 0 2.64853 0 0 0 0 0 0 18.3554 18.997 18.1028 0 0 0 18.2882 2.54003 0 0 0 18.3959 0 0 0 0 2.57011 2.54003 0 0 0 0 0 0 0 
18.4366 0 0 0 0 0 0 0 0 0 0 0 0 0 0 0 0 0 0 0 0 2.57966 0 0 0 0 0 0 0 0 0 2.57985 0 2.65278 0 0 18.9394 0 0 17.9986 18.2749 0 0 0 0 0 0 0 0 
0 0 2.72118 19.3949 0 2.5236 0 0 11.5614 0 18.1028 0 2.5034 0 0 0 0 0 0 0 0 0 0 2.5236 0 0 0 0 0 0 0 0 0 0 14.3374 0 0 0 0 0 0 0 0 0 0 18.1291 0 0 2.54936 
18.3016 0 0 0 0 0 0 0 0 0 0 0 0 0 0 0 0 0 0 18.0636 0 0 0 0 0 0 0 0 0 0 0 0 18.3959 0 0 0 0 0 2.61089 18.4775 0 0 0 0 0 0 0 0 0 
18.0115 0 0 0 0 0 0 0 0 0 0 0 0 0 0 0 0 0 0 0 0 18.5874 0 0 0 0 0 0 0 0 0 0 0 18.9394 0 0 0 0 19.216 0 0 0 0 0 0 0 0 0 0 
18.0636 0 0 0 0 0 0 0 0 0 0 0 0 0 0 0 0 0 0 0 0 0 0 0 0 0 0 0 0 0 0 0 0 0 0 0 0 0 18.3688 18.9538 0 0 0 0 0 0 0 0 0 
18.4366 0 0 0 0 0 0 0 0 0 0 0 0 0 0 0 0 0 0 0 0 0 0 0 0 0 0 0 0 0 0 0 0 0 0 2.61089 19.216 18.3688 0 0 2.61089 0 0 0 0 0 0 0 0 
18.1554 0 0 0 0 0 0 0 0 0 0 0 0 0 0 0 0 0 0 0 0 0 0 0 0 0 0 0 0 0 0 0 0 17.9986 0 18.4775 0 18.9538 0 0 17.9986 2.52709 0 0 0 0 0 0 0 
18.2615 0 0 0 0 0 0 0 0 0 0 0 0 0 0 0 0 0 0 0 0 0 0 0 0 18.4911 0 0 0 0 0 2.54003 2.57011 18.2749 0 0 0 0 2.61089 17.9986 0 18.1951 0 0 0 0 0 0 0 
0 0 0 0 0 0 0 0 0 0 0 0 0 0 2.51629 0 0 0 0 0 0 0 0 0 2.67115 0 19.5313 0 0 18.1159 0 18.7126 2.54003 0 0 0 0 0 0 2.52709 18.1951 0 18.0115 19.5771 0 0 0 0 0 
18.1951 0 0 0 0 0 0 0 0 0 0 0 0 0 2.72139 0 0 0 0 0 0 0 0 0 0 0 0 18.3284 2.58158 18.0766 0 0 0 0 0 0 0 0 0 0 0 18.0115 0 2.69165 0 0 0 0 0 
17.9986 0 0 0 0 0 0 0 0 0 0 0 0 0 0 0 0 0 0 0 0 0 0 0 0 0 0 0 0 0 18.8679 0 0 0 0 0 0 0 0 0 0 19.5771 2.69165 0 0 0 0 0 0 
18.1554 0 0 0 0 0 0 0 0 0 0 0 0 0 0 0 0 0 0 0 0 0 0 19.6541 0 0 0 0 0 0 0 0 0 0 0 0 0 0 0 0 0 0 0 0 0 18.1291 0 18.1951 2.54936 
18.1554 0 0 0 0 0 0 0 0 0 0 0 0 18.0897 0 0 0 0 0 0 0 0 0 0 0 0 0 0 0 0 0 0 0 0 18.1291 0 0 0 0 0 0 0 0 0 18.1291 18.4094 0 0 0 
18.3016 0 0 0 0 0 0 0 0 0 0 0 0 18.1291 18.1291 0 0 0 0 0 0 0 0 0 0 0 0 0 0 0 0 0 0 0 0 0 0 0 0 0 0 0 0 0 0 0 0 18.6986 5.18242 
18.1422 0 2.57602 0 0 0 0 0 0 0 0 18.8253 0 18.8253 0 0 0 0 0 0 0 0 0 0 0 0 0 0 0 0 0 0 0 0 0 0 0 0 0 0 0 0 0 0 18.1951 0 18.6986 0 0 
18.1422 0 2.55818 18.615 0 0 0 0 0 2.59334 2.70844 0 0 2.66091 0 2.70844 19.2012 0 0 0 0 0 0 0 0 0 0 0 0 0 0 0 0 0 2.54936 0 0 0 0 0 0 0 0 0 2.54936 0 5.18242 0 0 
0 0 0 0 0 0 0 0 0 0 0 0 0 0 0 0 0 0 0 0 0 0 0 0 0 0 0 0 0 0 0 0 0 0 0 0 0 0 0 0 0 0 0 0 0 0 0 0 0 
0 0 0 0 0 0 0 0 0 0 0 0 0 0 0 0 0 0 0 0 0 0 0 0 0 0 0 0 0 0 0 0 0 0 0 0 0 0 0 0 0 0 0 0 0 0 0 0 0 
0 0 0 0 0 0 0 0 0 0 0 0 0 0 0 0 0 0 0 0 0 0 0 0 0 0 0 0 0 0 0 0 0 0 0 0 0 0 0 0 0 0 0 0 0 0 0 0 0 
0 0 0 0 0 0 0 0 0 0 0 0 0 0 0 0 0 0 0 0 0 0 0 0 0 0 0 0 0 0 0 0 0 0 0 0 0 0 0 0 0 0 0 0 0 0 0 0 0 
0 0 0 0 0 0 0 0 0 0 0 0 0 0 0 0 0 0 0 0 0 0 0 0 0 0 0 0 0 0 0 0 0 0 0 0 0 0 0 0 0 0 0 0 0 0 0 0 0 
0 0 0 0 0 0 0 0 0 0 0 0 0 0 0 0 0 0 0 0 0 0 0 0 0 0 0 0 0 0 0 0 0 0 0 0 0 0 0 0 0 0 0 0 0 0 0 0 0 
0 0 0 0 0 0 0 0 0 0 0 0 0 0 0 0 0 0 0 0 0 0 0 0 0 0 0 0 0 0 0 0 0 0 0 0 0 0 0 0 0 0 0 0 0 0 0 0 0 
0 0 0 0 0 0 0 0 0 0 0 0 0 0 0 0 0 0 0 0 0 0 0 0 0 0 0 0 0 0 0 0 0 0 0 0 0 0 0 0 0 0 0 0 0 0 0 0 0 
0 0 0 0 0 0 0 0 0 0 0 0 0 0 0 0 0 0 0 0 0 0 0 0 0 0 0 0 0 0 0 0 0 0 0 0 0 0 0 0 0 0 0 0 0 0 0 0 0 
0 0 0 0 0 0 0 0 0 0 0 0 0 0 0 0 0 0 0 0 0 0 0 0 0 0 0 0 0 0 0 0 0 0 0 0 0 0 0 0 0 0 0 0 0 0 0 0 0 
0 0 0 0 0 0 0 0 0 0 0 0 0 0 0 0 0 0 0 0 0 0 0 0 0 0 0 0 0 0 0 0 0 0 0 0 0 0 0 0 0 0 0 0 0 0 0 0 0 
0 0 0 0 0 0 0 0 0 0 0 0 0 0 0 0 0 0 0 0 0 0 0 0 0 0 0 0 0 0 0 0 0 0 0 0 0 0 0 0 0 0 0 0 0 0 0 0 0 
0 0 0 0 0 0 0 0 0 0 0 0 0 0 0 0 0 0 0 0 0 0 0 0 0 0 0 0 0 0 0 0 0 0 0 0 0 0 0 0 0 0 0 0 0 0 0 0 0 
0 0 0 0 0 0 0 0 0 0 0 0 0 0 0 0 0 0 0 0 0 0 0 0 0 0 0 0 0 0 0 0 0 0 0 0 0 0 0 0 0 0 0 0 0 0 0 0 0 
0 0 0 0 0 0 0 0 0 0 0 0 0 0 0 0 0 0 0 0 0 0 0 0 0 0 0 0 0 0 0 0 0 0 0 0 0 0 0 0 0 0 0 0 0 0 0 0 0 
0 0 0 0 0 0 0 0 0 0 0 0 0 0 0 0 0 0 0 0 0 0 0 0 0 0 0 0 0 0 0 0 0 0 0 0 0 0 0 0 0 0 0 0 0 0 0 0 0 
0 0 0 0 0 0 0 0 0 0 0 0 0 0 0 0 0 0 0 0 0 0 0 0 0 0 0 0 0 0 0 0 0 0 0 0 0 0 0 0 0 0 0 0 0 0 0 0 0 
0 0 0 0 0 0 0 0 0 0 0 0 0 0 0 0 0 0 0 0 0 0 0 0 0 0 0 0 0 0 0 0 0 0 0 0 0 0 0 0 0 0 0 0 0 0 0 0 0 
0 0 0 0 0 0 0 0 0 0 0 0 0 0 0 0 0 0 0 0 0 0 0 0 0 0 0 0 0 0 0 0 0 0 0 0 0 0 0 0 0 0 0 0 0 0 0 0 0 
0 0 0 0 0 0 0 0 0 0 0 0 0 0 0 0 0 0 0 0 0 0 0 0 0 0 0 0 0 0 0 0 0 0 0 0 0 0 0 0 0 0 0 0 0 0 0 0 0 
0 0 0 0 0 0 0 0 0 0 0 0 0 0 0 0 0 0 0 0 0 0 0 0 0 0 0 0 0 0 0 0 0 0 0 0 0 0 0 0 0 0 0 0 0 0 0 0 0 
0 0 0 0 0 0 0 0 0 0 0 0 0 0 0 0 0 0 0 0 0 0 0 0 0 0 0 0 0 0 0 0 0 0 0 0 0 0 0 0 0 0 0 0 0 0 0 0 0 
0 0 0 0 0 0 0 0 0 0 0 0 0 0 0 0 0 0 0 0 0 0 0 0 0 0 0 0 0 0 0 0 0 0 0 0 0 0 0 0 0 0 0 0 0 0 0 0 0 
0 0 0 0 0 0 0 0 0 0 0 0 0 0 0 0 0 0 0 0 0 0 0 0 0 0 0 0 0 0 0 0 0 0 0 0 0 0 0 0 0 0 0 0 0 0 0 0 0 
0 0 0 0 0 0 0 0 0 0 0 0 0 0 0 0 0 0 0 0 0 0 0 0 0 0 0 0 0 0 0 0 0 0 0 0 0 0 0 0 0 0 0 0 0 0 0 0 0 
0 0 0 0 0 0 0 0 0 0 0 0 0 0 0 0 0 0 0 0 0 0 0 0 0 0 0 0 0 0 0 0 0 0 0 0 0 0 0 0 0 0 0 0 0 0 0 0 0 
0 0 0 0 0 0 0 0 0 0 0 0 0 0 0 0 0 0 0 0 0 0 0 0 0 0 0 0 0 0 0 0 0 0 0 0 0 0 0 0 0 0 0 0 0 0 0 0 0 
0 0 0 0 0 0 0 0 0 0 0 0 0 0 0 0 0 0 0 0 0 0 0 0 0 0 0 0 0 0 0 0 0 0 0 0 0 0 0 0 0 0 0 0 0 0 0 0 0 
0 0 0 0 0 0 0 0 0 0 0 0 0 0 0 0 0 0 0 0 0 0 0 0 0 0 0 0 0 0 0 0 0 0 0 0 0 0 0 0 0 0 0 0 0 0 0 0 0 
0 0 0 0 0 0 0 0 0 0 0 0 0 0 0 0 0 0 0 0 0 0 0 0 0 0 0 0 0 0 0 0 0 0 0 0 0 0 0 0 0 0 0 0 0 0 0 0 0 
0 0 0 0 0 0 0 0 0 0 0 0 0 0 0 0 0 0 0 0 0 0 0 0 0 0 0 0 0 0 0 0 0 0 0 0 0 0 0 0 0 0 0 0 0 0 0 0 0 
0 0 0 0 0 0 0 0 0 0 0 0 0 0 0 0 0 0 0 0 0 0 0 0 0 0 0 0 0 0 0 0 0 0 0 0 0 0 0 0 0 0 0 0 0 0 0 0 0 
0 0 0 0 0 0 0 0 0 0 0 0 0 0 0 0 0 0 0 0 0 0 0 0 0 0 0 0 0 0 0 0 0 0 0 0 0 0 0 0 0 0 0 0 0 0 0 0 0 
0 0 0 0 0 0 0 0 0 0 0 0 0 0 0 0 0 0 0 0 0 0 0 0 0 0 0 0 0 0 0 0 0 0 0 0 0 0 0 0 0 0 0 0 0 0 0 0 0 
0 0 0 0 0 0 0 0 0 0 0 0 0 0 0 0 0 0 0 0 0 0 0 0 0 0 0 0 0 0 0 0 0 0 0 0 0 0 0 0 0 0 0 0 0 0 0 0 0 
0 0 0 0 0 0 0 0 0 0 0 0 0 0 0 0 0 0 0 0 0 0 0 0 0 0 0 0 0 0 0 0 0 0 0 0 0 0 0 0 0 0 0 0 0 0 0 0 0 
0 0 0 0 0 0 0 0 0 0 0 0 0 0 0 0 0 0 0 0 0 0 0 0 0 0 0 0 0 0 0 0 0 0 0 0 0 0 0 0 0 0 0 0 0 0 0 0 0 
0 0 0 0 0 0 0 0 0 0 0 0 0 0 0 0 0 0 0 0 0 0 0 0 0 0 0 0 0 0 0 0 0 0 0 0 0 0 0 0 0 0 0 0 0 0 0 0 0 
0 0 0 0 0 0 0 0 0 0 0 0 0 0 0 0 0 0 0 0 0 0 0 0 0 0 0 0 0 0 0 0 0 0 0 0 0 0 0 0 0 0 0 0 0 0 0 0 0 
0 0 0 0 0 0 0 0 0 0 0 0 0 0 0 0 0 0 0 0 0 0 0 0 0 0 0 0 0 0 0 0 0 0 0 0 0 0 0 0 0 0 0 0 0 0 0 0 0 
0 0 0 0 0 0 0 0 0 0 0 0 0 0 0 0 0 0 0 0 0 0 0 0 0 0 0 0 0 0 0 0 0 0 0 0 0 0 0 0 0 0 0 0 0 0 0 0 0 
0 0 0 0 0 0 0 0 0 0 0 0 0 0 0 0 0 0 0 0 0 0 0 0 0 0 0 0 0 0 0 0 0 0 0 0 0 0 0 0 0 0 0 0 0 0 0 0 0 
0 0 0 0 0 0 0 0 0 0 0 0 0 0 0 0 0 0 0 0 0 0 0 0 0 0 0 0 0 0 0 0 0 0 0 0 0 0 0 0 0 0 0 0 0 0 0 0 0 
0 0 0 0 0 0 0 0 0 0 0 0 0 0 0 0 0 0 0 0 0 0 0 0 0 0 0 0 0 0 0 0 0 0 0 0 0 0 0 0 0 0 0 0 0 0 0 0 0 
0 0 0 0 0 0 0 0 0 0 0 0 0 0 0 0 0 0 0 0 0 0 0 0 0 0 0 0 0 0 0 0 0 0 0 0 0 0 0 0 0 0 0 0 0 0 0 0 0 
0 0 0 0 0 0 0 0 0 0 0 0 0 0 0 0 0 0 0 0 0 0 0 0 0 0 0 0 0 0 0 0 0 0 0 0 0 0 0 0 0 0 0 0 0 0 0 0 0 
0 0 0 0 0 0 0 0 0 0 0 0 0 0 0 0 0 0 0 0 0 0 0 0 0 0 0 0 0 0 0 0 0 0 0 0 0 0 0 0 0 0 0 0 0 0 0 0 0 
0 0 0 0 0 0 0 0 0 0 0 0 0 0 0 0 0 0 0 0 0 0 0 0 0 0 0 0 0 0 0 0 0 0 0 0 0 0 0 0 0 0 0 0 0 0 0 0 0 
0 0 0 0 0 0 0 0 0 0 0 0 0 0 0 0 0 0 0 0 0 0 0 0 0 0 0 0 0 0 0 0 0 0 0 0 0 0 0 0 0 0 0 0 0 0 0 0 0 
0 0 0 0 0 0 0 0 0 0 0 0 0 0 0 0 0 0 0 0 0 0 0 0 0 0 0 0 0 0 0 0 0 0 0 0 0 0 0 0 0 0 0 0 0 0 0 0 0 
0 0 0 0 0 0 0 0 0 0 0 0 0 0 0 0 0 0 0 0 0 0 0 0 0 0 0 0 0 0 0 0 0 0 0 0 0 0 0 0 0 0 0 0 0 0 0 0 0 
0 0 0 0 0 0 0 0 0 0 0 0 0 0 0 0 0 0 0 0 0 0 0 0 0 0 0 0 0 0 0 0 0 0 0 0 0 0 0 0 0 0 0 0 0 0 0 0 0 
0 0 0 0 0 0 0 0 0 0 0 0 0 0 0 0 0 0 0 0 0 0 0 0 0 0 0 0 0 0 0 0 0 0 0 0 0 0 0 0 0 0 0 0 0 0 0 0 0 
0 0 0 0 0 0 0 0 0 0 0 0 0 0 0 0 0 0 0 0 0 0 0 0 0 0 0 0 0 0 0 0 0 0 0 0 0 0 0 0 0 0 0 0 0 0 0 0 0 
0 0 0 0 0 0 0 0 0 0 0 0 0 0 0 0 0 0 0 0 0 0 0 0 0 0 0 0 0 0 0 0 0 0 0 0 0 0 0 0 0 0 0 0 0 0 0 0 0 
0 0 0 0 0 0 0 0 0 0 0 0 0 0 0 0 0 0 0 0 0 0 0 0 0 0 0 0 0 0 0 0 0 0 0 0 0 0 0 0 0 0 0 0 0 0 0 0 0 
0 0 0 0 0 0 0 0 0 0 0 0 0 0 0 0 0 0 0 0 0 0 0 0 0 0 0 0 0 0 0 0 0 0 0 0 0 0 0 0 0 0 0 0 0 0 0 0 0 
0 0 0 0 0 0 0 0 0 0 0 0 0 0 0 0 0 0 0 0 0 0 0 0 0 0 0 0 0 0 0 0 0 0 0 0 0 0 0 0 0 0 0 0 0 0 0 0 0 
0 0 0 0 0 0 0 0 0 0 0 0 0 0 0 0 0 0 0 0 0 0 0 0 0 0 0 0 0 0 0 0 0 0 0 0 0 0 0 0 0 0 0 0 0 0 0 0 0 
0 0 0 0 0 0 0 0 0 0 0 0 0 0 0 0 0 0 0 0 0 0 0 0 0 0 0 0 0 0 0 0 0 0 0 0 0 0 0 0 0 0 0 0 0 0 0 0 0 
0 0 0 0 0 0 0 0 0 0 0 0 0 0 0 0 0 0 0 0 0 0 0 0 0 0 0 0 0 0 0 0 0 0 0 0 0 0 0 0 0 0 0 0 0 0 0 0 0 
0 0 0 0 0 0 0 0 0 0 0 0 0 0 0 0 0 0 0 0 0 0 0 0 0 0 0 0 0 0 0 0 0 0 0 0 0 0 0 0 0 0 0 0 0 0 0 0 0 
0 0 0 0 0 0 0 0 0 0 0 0 0 0 0 0 0 0 0 0 0 0 0 0 0 0 0 0 0 0 0 0 0 0 0 0 0 0 0 0 0 0 0 0 0 0 0 0 0 
0 0 0 0 0 0 0 0 0 0 0 0 0 0 0 0 0 0 0 0 0 0 0 0 0 0 0 0 0 0 0 0 0 0 0 0 0 0 0 0 0 0 0 0 0 0 0 0 0 
0 0 0 0 0 0 0 0 0 0 0 0 0 0 0 0 0 0 0 0 0 0 0 0 0 0 0 0 0 0 0 0 0 0 0 0 0 0 0 0 0 0 0 0 0 0 0 0 0 
0 0 0 0 0 0 0 0 0 0 0 0 0 0 0 0 0 0 0 0 0 0 0 0 0 0 0 0 0 0 0 0 0 0 0 0 0 0 0 0 0 0 0 0 0 0 0 0 0 
0 0 0 0 0 0 0 0 0 0 0 0 0 0 0 0 0 0 0 0 0 0 0 0 0 0 0 0 0 0 0 0 0 0 0 0 0 0 0 0 0 0 0 0 0 0 0 0 0 
0 0 0 0 0 0 0 0 0 0 0 0 0 0 0 0 0 0 0 0 0 0 0 0 0 0 0 0 0 0 0 0 0 0 0 0 0 0 0 0 0 0 0 0 0 0 0 0 0 
0 0 0 0 0 0 0 0 0 0 0 0 0 0 0 0 0 0 0 0 0 0 0 0 0 0 0 0 0 0 0 0 0 0 0 0 0 0 0 0 0 0 0 0 0 0 0 0 0 
0 0 0 0 0 0 0 0 0 0 0 0 0 0 0 0 0 0 0 0 0 0 0 0 0 0 0 0 0 0 0 0 0 0 0 0 0 0 0 0 0 0 0 0 0 0 0 0 0 
0 0 0 0 0 0 0 0 0 0 0 0 0 0 0 0 0 0 0 0 0 0 0 0 0 0 0 0 0 0 0 0 0 0 0 0 0 0 0 0 0 0 0 0 0 0 0 0 0 
0 0 0 0 0 0 0 0 0 0 0 0 0 0 0 0 0 0 0 0 0 0 0 0 0 0 0 0 0 0 0 0 0 0 0 0 0 0 0 0 0 0 0 0 0 0 0 0 0 
0 0 0 0 0 0 0 0 0 0 0 0 0 0 0 0 0 0 0 0 0 0 0 0 0 0 0 0 0 0 0 0 0 0 0 0 0 0 0 0 0 0 0 0 0 0 0 0 0 
0 0 0 0 0 0 0 0 0 0 0 0 0 0 0 0 0 0 0 0 0 0 0 0 0 0 0 0 0 0 0 0 0 0 0 0 0 0 0 0 0 0 0 0 0 0 0 0 0 
0 0 0 0 0 0 0 0 0 0 0 0 0 0 0 0 0 0 0 0 0 0 0 0 0 0 0 0 0 0 0 0 0 0 0 0 0 0 0 0 0 0 0 0 0 0 0 0 0 
0 0 0 0 0 0 0 0 0 0 0 0 0 0 0 0 0 0 0 0 0 0 0 0 0 0 0 0 0 0 0 0 0 0 0 0 0 0 0 0 0 0 0 0 0 0 0 0 0 
0 0 0 0 0 0 0 0 0 0 0 0 0 0 0 0 0 0 0 0 0 0 0 0 0 0 0 0 0 0 0 0 0 0 0 0 0 0 0 0 0 0 0 0 0 0 0 0 0 
0 0 0 0 0 0 0 0 0 0 0 0 0 0 0 0 0 0 0 0 0 0 0 0 0 0 0 0 0 0 0 0 0 0 0 0 0 0 0 0 0 0 0 0 0 0 0 0 0 
0 0 0 0 0 0 0 0 0 0 0 0 0 0 0 0 0 0 0 0 0 0 0 0 0 0 0 0 0 0 0 0 0 0 0 0 0 0 0 0 0 0 0 0 0 0 0 0 0 
0 0 0 0 0 0 0 0 0 0 0 0 0 0 0 0 0 0 0 0 0 0 0 0 0 0 0 0 0 0 0 0 0 0 0 0 0 0 0 0 0 0 0 0 0 0 0 0 0 
0 0 0 0 0 0 0 0 0 0 0 0 0 0 0 0 0 0 0 0 0 0 0 0 0 0 0 0 0 0 0 0 0 0 0 0 0 0 0 0 0 0 0 0 0 0 0 0 0 
0 0 0 0 0 0 0 0 0 0 0 0 0 0 0 0 0 0 0 0 0 0 0 0 0 0 0 0 0 0 0 0 0 0 0 0 0 0 0 0 0 0 0 0 0 0 0 0 0 
0 0 0 0 0 0 0 0 0 0 0 0 0 0 0 0 0 0 0 0 0 0 0 0 0 0 0 0 0 0 0 0 0 0 0 0 0 0 0 0 0 0 0 0 0 0 0 0 0 
0 0 0 0 0 0 0 0 0 0 0 0 0 0 0 0 0 0 0 0 0 0 0 0 0 0 0 0 0 0 0 0 0 0 0 0 0 0 0 0 0 0 0 0 0 0 0 0 0 
0 0 0 0 0 0 0 0 0 0 0 0 0 0 0 0 0 0 0 0 0 0 0 0 0 0 0 0 0 0 0 0 0 0 0 0 0 0 0 0 0 0 0 0 0 0 0 0 0 
0 0 0 0 0 0 0 0 0 0 0 0 0 0 0 0 0 0 0 0 0 0 0 0 0 0 0 0 0 0 0 0 0 0 0 0 0 0 0 0 0 0 0 0 0 0 0 0 0 
0 0 0 0 0 0 0 0 0 0 0 0 0 0 0 0 0 0 0 0 0 0 0 0 0 0 0 0 0 0 0 0 0 0 0 0 0 0 0 0 0 0 0 0 0 0 0 0 0 
0 0 0 0 0 0 0 0 0 0 0 0 0 0 0 0 0 0 0 0 0 0 0 0 0 0 0 0 0 0 0 0 0 0 0 0 0 0 0 0 0 0 0 0 0 0 0 0 0 
0 0 0 0 0 0 0 0 0 0 0 0 0 0 0 0 0 0 0 0 0 0 0 0 0 0 0 0 0 0 0 0 0 0 0 0 0 0 0 0 0 0 0 0 0 0 0 0 0 
0 0 0 0 0 0 0 0 0 0 0 0 0 0 0 0 0 0 0 0 0 0 0 0 0 0 0 0 0 0 0 0 0 0 0 0 0 0 0 0 0 0 0 0 0 0 0 0 0 
0 0 0 0 0 0 0 0 0 0 0 0 0 0 0 0 0 0 0 0 0 0 0 0 0 0 0 0 0 0 0 0 0 0 0 0 0 0 0 0 0 0 0 0 0 0 0 0 0 
0 0 0 0 0 0 0 0 0 0 0 0 0 0 0 0 0 0 0 0 0 0 0 0 0 0 0 0 0 0 0 0 0 0 0 0 0 0 0 0 0 0 0 0 0 0 0 0 0 
0 0 0 0 0 0 0 0 0 0 0 0 0 0 0 0 0 0 0 0 0 0 0 0 0 0 0 0 0 0 0 0 0 0 0 0 0 0 0 0 0 0 0 0 0 0 0 0 0 
0 0 0 0 0 0 0 0 0 0 0 0 0 0 0 0 0 0 0 0 0 0 0 0 0 0 0 0 0 0 0 0 0 0 0 0 0 0 0 0 0 0 0 0 0 0 0 0 0 
0 0 0 0 0 0 0 0 0 0 0 0 0 0 0 0 0 0 0 0 0 0 0 0 0 0 0 0 0 0 0 0 0 0 0 0 0 0 0 0 0 0 0 0 0 0 0 0 0 
0 0 0 0 0 0 0 0 0 0 0 0 0 0 0 0 0 0 0 0 0 0 0 0 0 0 0 0 0 0 0 0 0 0 0 0 0 0 0 0 0 0 0 0 0 0 0 0 0 
0 0 0 0 0 0 0 0 0 0 0 0 0 0 0 0 0 0 0 0 0 0 0 0 0 0 0 0 0 0 0 0 0 0 0 0 0 0 0 0 0 0 0 0 0 0 0 0 0 
0 0 0 0 0 0 0 0 0 0 0 0 0 0 0 0 0 0 0 0 0 0 0 0 0 0 0 0 0 0 0 0 0 0 0 0 0 0 0 0 0 0 0 0 0 0 0 0 0 
0 0 0 0 0 0 0 0 0 0 0 0 0 0 0 0 0 0 0 0 0 0 0 0 0 0 0 0 0 0 0 0 0 0 0 0 0 0 0 0 0 0 0 0 0 0 0 0 0 
0 0 0 0 0 0 0 0 0 0 0 0 0 0 0 0 0 0 0 0 0 0 0 0 0 0 0 0 0 0 0 0 0 0 0 0 0 0 0 0 0 0 0 0 0 0 0 0 0 
0 0 0 0 0 0 0 0 0 0 0 0 0 0 0 0 0 0 0 0 0 0 0 0 0 0 0 0 0 0 0 0 0 0 0 0 0 0 0 0 0 0 0 0 0 0 0 0 0 
0 0 0 0 0 0 0 0 0 0 0 0 0 0 0 0 0 0 0 0 0 0 0 0 0 0 0 0 0 0 0 0 0 0 0 0 0 0 0 0 0 0 0 0 0 0 0 0 0 
0 0 0 0 0 0 0 0 0 0 0 0 0 0 0 0 0 0 0 0 0 0 0 0 0 0 0 0 0 0 0 0 0 0 0 0 0 0 0 0 0 0 0 0 0 0 0 0 0 
0 0 0 0 0 0 0 0 0 0 0 0 0 0 0 0 0 0 0 0 0 0 0 0 0 0 0 0 0 0 0 0 0 0 0 0 0 0 0 0 0 0 0 0 0 0 0 0 0 
0 0 0 0 0 0 0 0 0 0 0 0 0 0 0 0 0 0 0 0 0 0 0 0 0 0 0 0 0 0 0 0 0 0 0 0 0 0 0 0 0 0 0 0 0 0 0 0 0 
0 0 0 0 0 0 0 0 0 0 0 0 0 0 0 0 0 0 0 0 0 0 0 0 0 0 0 0 0 0 0 0 0 0 0 0 0 0 0 0 0 0 0 0 0 0 0 0 0 
0 0 0 0 0 0 0 0 0 0 0 0 0 0 0 0 0 0 0 0 0 0 0 0 0 0 0 0 0 0 0 0 0 0 0 0 0 0 0 0 0 0 0 0 0 0 0 0 0 
0 0 0 0 0 0 0 0 0 0 0 0 0 0 0 0 0 0 0 0 0 0 0 0 0 0 0 0 0 0 0 0 0 0 0 0 0 0 0 0 0 0 0 0 0 0 0 0 0 
0 0 0 0 0 0 0 0 0 0 0 0 0 0 0 0 0 0 0 0 0 0 0 0 0 0 0 0 0 0 0 0 0 0 0 0 0 0 0 0 0 0 0 0 0 0 0 0 0 
0 0 0 0 0 0 0 0 0 0 0 0 0 0 0 0 0 0 0 0 0 0 0 0 0 0 0 0 0 0 0 0 0 0 0 0 0 0 0 0 0 0 0 0 0 0 0 0 0 
0 0 0 0 0 0 0 0 0 0 0 0 0 0 0 0 0 0 0 0 0 0 0 0 0 0 0 0 0 0 0 0 0 0 0 0 0 0 0 0 0 0 0 0 0 0 0 0 0 
0 0 0 0 0 0 0 0 0 0 0 0 0 0 0 0 0 0 0 0 0 0 0 0 0 0 0 0 0 0 0 0 0 0 0 0 0 0 0 0 0 0 0 0 0 0 0 0 0 
0 0 0 0 0 0 0 0 0 0 0 0 0 0 0 0 0 0 0 0 0 0 0 0 0 0 0 0 0 0 0 0 0 0 0 0 0 0 0 0 0 0 0 0 0 0 0 0 0 
0 0 0 0 0 0 0 0 0 0 0 0 0 0 0 0 0 0 0 0 0 0 0 0 0 0 0 0 0 0 0 0 0 0 0 0 0 0 0 0 0 0 0 0 0 0 0 0 0 
0 0 0 0 0 0 0 0 0 0 0 0 0 0 0 0 0 0 0 0 0 0 0 0 0 0 0 0 0 0 0 0 0 0 0 0 0 0 0 0 0 0 0 0 0 0 0 0 0 
0 0 0 0 0 0 0 0 0 0 0 0 0 0 0 0 0 0 0 0 0 0 0 0 0 0 0 0 0 0 0 0 0 0 0 0 0 0 0 0 0 0 0 0 0 0 0 0 0 
0 0 0 0 0 0 0 0 0 0 0 0 0 0 0 0 0 0 0 0 0 0 0 0 0 0 0 0 0 0 0 0 0 0 0 0 0 0 0 0 0 0 0 0 0 0 0 0 0 
0 0 0 0 0 0 0 0 0 0 0 0 0 0 0 0 0 0 0 0 0 0 0 0 0 0 0 0 0 0 0 0 0 0 0 0 0 0 0 0 0 0 0 0 0 0 0 0 0 
0 0 0 0 0 0 0 0 0 0 0 0 0 0 0 0 0 0 0 0 0 0 0 0 0 0 0 0 0 0 0 0 0 0 0 0 0 0 0 0 0 0 0 0 0 0 0 0 0 
0 0 0 0 0 0 0 0 0 0 0 0 0 0 0 0 0 0 0 0 0 0 0 0 0 0 0 0 0 0 0 0 0 0 0 0 0 0 0 0 0 0 0 0 0 0 0 0 0 
0 0 0 0 0 0 0 0 0 0 0 0 0 0 0 0 0 0 0 0 0 0 0 0 0 0 0 0 0 0 0 0 0 0 0 0 0 0 0 0 0 0 0 0 0 0 0 0 0 
0 0 0 0 0 0 0 0 0 0 0 0 0 0 0 0 0 0 0 0 0 0 0 0 0 0 0 0 0 0 0 0 0 0 0 0 0 0 0 0 0 0 0 0 0 0 0 0 0 
0 0 0 0 0 0 0 0 0 0 0 0 0 0 0 0 0 0 0 0 0 0 0 0 0 0 0 0 0 0 0 0 0 0 0 0 0 0 0 0 0 0 0 0 0 0 0 0 0 
0 0 0 0 0 0 0 0 0 0 0 0 0 0 0 0 0 0 0 0 0 0 0 0 0 0 0 0 0 0 0 0 0 0 0 0 0 0 0 0 0 0 0 0 0 0 0 0 0 
0 0 0 0 0 0 0 0 0 0 0 0 0 0 0 0 0 0 0 0 0 0 0 0 0 0 0 0 0 0 0 0 0 0 0 0 0 0 0 0 0 0 0 0 0 0 0 0 0 
0 0 0 0 0 0 0 0 0 0 0 0 0 0 0 0 0 0 0 0 0 0 0 0 0 0 0 0 0 0 0 0 0 0 0 0 0 0 0 0 0 0 0 0 0 0 0 0 0 
0 0 0 0 0 0 0 0 0 0 0 0 0 0 0 0 0 0 0 0 0 0 0 0 0 0 0 0 0 0 0 0 0 0 0 0 0 0 0 0 0 0 0 0 0 0 0 0 0 
0 0 0 0 0 0 0 0 0 0 0 0 0 0 0 0 0 0 0 0 0 0 0 0 0 0 0 0 0 0 0 0 0 0 0 0 0 0 0 0 0 0 0 0 0 0 0 0 0 
0 0 0 0 0 0 0 0 0 0 0 0 0 0 0 0 0 0 0 0 0 0 0 0 0 0 0 0 0 0 0 0 0 0 0 0 0 0 0 0 0 0 0 0 0 0 0 0 0 
0 0 0 0 0 0 0 0 0 0 0 0 0 0 0 0 0 0 0 0 0 0 0 0 0 0 0 0 0 0 0 0 0 0 0 0 0 0 0 0 0 0 0 0 0 0 0 0 0 
0 0 0 0 0 0 0 0 0 0 0 0 0 0 0 0 0 0 0 0 0 0 0 0 0 0 0 0 0 0 0 0 0 0 0 0 0 0 0 0 0 0 0 0 0 0 0 0 0 
0 0 0 0 0 0 0 0 0 0 0 0 0 0 0 0 0 0 0 0 0 0 0 0 0 0 0 0 0 0 0 0 0 0 0 0 0 0 0 0 0 0 0 0 0 0 0 0 0 
0 0 0 0 0 0 0 0 0 0 0 0 0 0 0 0 0 0 0 0 0 0 0 0 0 0 0 0 0 0 0 0 0 0 0 0 0 0 0 0 0 0 0 0 0 0 0 0 0 
0 0 0 0 0 0 0 0 0 0 0 0 0 0 0 0 0 0 0 0 0 0 0 0 0 0 0 0 0 0 0 0 0 0 0 0 0 0 0 0 0 0 0 0 0 0 0 0 0 
0 0 0 0 0 0 0 0 0 0 0 0 0 0 0 0 0 0 0 0 0 0 0 0 0 0 0 0 0 0 0 0 0 0 0 0 0 0 0 0 0 0 0 0 0 0 0 0 0 
0 0 0 0 0 0 0 0 0 0 0 0 0 0 0 0 0 0 0 0 0 0 0 0 0 0 0 0 0 0 0 0 0 0 0 0 0 0 0 0 0 0 0 0 0 0 0 0 0 
0 0 0 0 0 0 0 0 0 0 0 0 0 0 0 0 0 0 0 0 0 0 0 0 0 0 0 0 0 0 0 0 0 0 0 0 0 0 0 0 0 0 0 0 0 0 0 0 0 
0 0 0 0 0 0 0 0 0 0 0 0 0 0 0 0 0 0 0 0 0 0 0 0 0 0 0 0 0 0 0 0 0 0 0 0 0 0 0 0 0 0 0 0 0 0 0 0 0 
0 0 0 0 0 0 0 0 0 0 0 0 0 0 0 0 0 0 0 0 0 0 0 0 0 0 0 0 0 0 0 0 0 0 0 0 0 0 0 0 0 0 0 0 0 0 0 0 0 
0 0 0 0 0 0 0 0 0 0 0 0 0 0 0 0 0 0 0 0 0 0 0 0 0 0 0 0 0 0 0 0 0 0 0 0 0 0 0 0 0 0 0 0 0 0 0 0 0 
0 0 0 0 0 0 0 0 0 0 0 0 0 0 0 0 0 0 0 0 0 0 0 0 0 0 0 0 0 0 0 0 0 0 0 0 0 0 0 0 0 0 0 0 0 0 0 0 0 
0 0 0 0 0 0 0 0 0 0 0 0 0 0 0 0 0 0 0 0 0 0 0 0 0 0 0 0 0 0 0 0 0 0 0 0 0 0 0 0 0 0 0 0 0 0 0 0 0 
0 0 0 0 0 0 0 0 0 0 0 0 0 0 0 0 0 0 0 0 0 0 0 0 0 0 0 0 0 0 0 0 0 0 0 0 0 0 0 0 0 0 0 0 0 0 0 0 0 
0 0 0 0 0 0 0 0 0 0 0 0 0 0 0 0 0 0 0 0 0 0 0 0 0 0 0 0 0 0 0 0 0 0 0 0 0 0 0 0 0 0 0 0 0 0 0 0 0 
0 0 0 0 0 0 0 0 0 0 0 0 0 0 0 0 0 0 0 0 0 0 0 0 0 0 0 0 0 0 0 0 0 0 0 0 0 0 0 0 0 0 0 0 0 0 0 0 0 
0 0 0 0 0 0 0 0 0 0 0 0 0 0 0 0 0 0 0 0 0 0 0 0 0 0 0 0 0 0 0 0 0 0 0 0 0 0 0 0 0 0 0 0 0 0 0 0 0 
0 0 0 0 0 0 0 0 0 0 0 0 0 0 0 0 0 0 0 0 0 0 0 0 0 0 0 0 0 0 0 0 0 0 0 0 0 0 0 0 0 0 0 0 0 0 0 0 0 
0 0 0 0 0 0 0 0 0 0 0 0 0 0 0 0 0 0 0 0 0 0 0 0 0 0 0 0 0 0 0 0 0 0 0 0 0 0 0 0 0 0 0 0 0 0 0 0 0 
0 0 0 0 0 0 0 0 0 0 0 0 0 0 0 0 0 0 0 0 0 0 0 0 0 0 0 0 0 0 0 0 0 0 0 0 0 0 0 0 0 0 0 0 0 0 0 0 0 
0 0 0 0 0 0 0 0 0 0 0 0 0 0 0 0 0 0 0 0 0 0 0 0 0 0 0 0 0 0 0 0 0 0 0 0 0 0 0 0 0 0 0 0 0 0 0 0 0 
0 0 0 0 0 0 0 0 0 0 0 0 0 0 0 0 0 0 0 0 0 0 0 0 0 0 0 0 0 0 0 0 0 0 0 0 0 0 0 0 0 0 0 0 0 0 0 0 0 
0 0 0 0 0 0 0 0 0 0 0 0 0 0 0 0 0 0 0 0 0 0 0 0 0 0 0 0 0 0 0 0 0 0 0 0 0 0 0 0 0 0 0 0 0 0 0 0 0 
0 0 0 0 0 0 0 0 0 0 0 0 0 0 0 0 0 0 0 0 0 0 0 0 0 0 0 0 0 0 0 0 0 0 0 0 0 0 0 0 0 0 0 0 0 0 0 0 0 
0 0 0 0 0 0 0 0 0 0 0 0 0 0 0 0 0 0 0 0 0 0 0 0 0 0 0 0 0 0 0 0 0 0 0 0 0 0 0 0 0 0 0 0 0 0 0 0 0 
0 0 0 0 0 0 0 0 0 0 0 0 0 0 0 0 0 0 0 0 0 0 0 0 0 0 0 0 0 0 0 0 0 0 0 0 0 0 0 0 0 0 0 0 0 0 0 0 0 
0 0 0 0 0 0 0 0 0 0 0 0 0 0 0 0 0 0 0 0 0 0 0 0 0 0 0 0 0 0 0 0 0 0 0 0 0 0 0 0 0 0 0 0 0 0 0 0 0 
0 0 0 0 0 0 0 0 0 0 0 0 0 0 0 0 0 0 0 0 0 0 0 0 0 0 0 0 0 0 0 0 0 0 0 0 0 0 0 0 0 0 0 0 0 0 0 0 0 
0 0 0 0 0 0 0 0 0 0 0 0 0 0 0 0 0 0 0 0 0 0 0 0 0 0 0 0 0 0 0 0 0 0 0 0 0 0 0 0 0 0 0 0 0 0 0 0 0 
0 0 0 0 0 0 0 0 0 0 0 0 0 0 0 0 0 0 0 0 0 0 0 0 0 0 0 0 0 0 0 0 0 0 0 0 0 0 0 0 0 0 0 0 0 0 0 0 0 
0 0 0 0 0 0 0 0 0 0 0 0 0 0 0 0 0 0 0 0 0 0 0 0 0 0 0 0 0 0 0 0 0 0 0 0 0 0 0 0 0 0 0 0 0 0 0 0 0 
0 0 0 0 0 0 0 0 0 0 0 0 0 0 0 0 0 0 0 0 0 0 0 0 0 0 0 0 0 0 0 0 0 0 0 0 0 0 0 0 0 0 0 0 0 0 0 0 0 
0 0 0 0 0 0 0 0 0 0 0 0 0 0 0 0 0 0 0 0 0 0 0 0 0 0 0 0 0 0 0 0 0 0 0 0 0 0 0 0 0 0 0 0 0 0 0 0 0 
0 0 0 0 0 0 0 0 0 0 0 0 0 0 0 0 0 0 0 0 0 0 0 0 0 0 0 0 0 0 0 0 0 0 0 0 0 0 0 0 0 0 0 0 0 0 0 0 0 
0 0 0 0 0 0 0 0 0 0 0 0 0 0 0 0 0 0 0 0 0 0 0 0 0 0 0 0 0 0 0 0 0 0 0 0 0 0 0 0 0 0 0 0 0 0 0 0 0 
0 0 0 0 0 0 0 0 0 0 0 0 0 0 0 0 0 0 0 0 0 0 0 0 0 0 0 0 0 0 0 0 0 0 0 0 0 0 0 0 0 0 0 0 0 0 0 0 0 
0 0 0 0 0 0 0 0 0 0 0 0 0 0 0 0 0 0 0 0 0 0 0 0 0 0 0 0 0 0 0 0 0 0 0 0 0 0 0 0 0 0 0 0 0 0 0 0 0 
0 0 0 0 0 0 0 0 0 0 0 0 0 0 0 0 0 0 0 0 0 0 0 0 0 0 0 0 0 0 0 0 0 0 0 0 0 0 0 0 0 0 0 0 0 0 0 0 0 
0 0 0 0 0 0 0 0 0 0 0 0 0 0 0 0 0 0 0 0 0 0 0 0 0 0 0 0 0 0 0 0 0 0 0 0 0 0 0 0 0 0 0 0 0 0 0 0 0 
0 0 0 0 0 0 0 0 0 0 0 0 0 0 0 0 0 0 0 0 0 0 0 0 0 0 0 0 0 0 0 0 0 0 0 0 0 0 0 0 0 0 0 0 0 0 0 0 0 
0 0 0 0 0 0 0 0 0 0 0 0 0 0 0 0 0 0 0 0 0 0 0 0 0 0 0 0 0 0 0 0 0 0 0 0 0 0 0 0 0 0 0 0 0 0 0 0 0 
0 0 0 0 0 0 0 0 0 0 0 0 0 0 0 0 0 0 0 0 0 0 0 0 0 0 0 0 0 0 0 0 0 0 0 0 0 0 0 0 0 0 0 0 0 0 0 0 0 
0 0 0 0 0 0 0 0 0 0 0 0 0 0 0 0 0 0 0 0 0 0 0 0 0 0 0 0 0 0 0 0 0 0 0 0 0 0 0 0 0 0 0 0 0 0 0 0 0 
0 0 0 0 0 0 0 0 0 0 0 0 0 0 0 0 0 0 0 0 0 0 0 0 0 0 0 0 0 0 0 0 0 0 0 0 0 0 0 0 0 0 0 0 0 0 0 0 0 
0 0 0 0 0 0 0 0 0 0 0 0 0 0 0 0 0 0 0 0 0 0 0 0 0 0 0 0 0 0 0 0 0 0 0 0 0 0 0 0 0 0 0 0 0 0 0 0 0 
0 0 0 0 0 0 0 0 0 0 0 0 0 0 0 0 0 0 0 0 0 0 0 0 0 0 0 0 0 0 0 0 0 0 0 0 0 0 0 0 0 0 0 0 0 0 0 0 0 
0 0 0 0 0 0 0 0 0 0 0 0 0 0 0 0 0 0 0 0 0 0 0 0 0 0 0 0 0 0 0 0 0 0 0 0 0 0 0 0 0 0 0 0 0 0 0 0 0 
0 0 0 0 0 0 0 0 0 0 0 0 0 0 0 0 0 0 0 0 0 0 0 0 0 0 0 0 0 0 0 0 0 0 0 0 0 0 0 0 0 0 0 0 0 0 0 0 0 
0 0 0 0 0 0 0 0 0 0 0 0 0 0 0 0 0 0 0 0 0 0 0 0 0 0 0 0 0 0 0 0 0 0 0 0 0 0 0 0 0 0 0 0 0 0 0 0 0 
0 0 0 0 0 0 0 0 0 0 0 0 0 0 0 0 0 0 0 0 0 0 0 0 0 0 0 0 0 0 0 0 0 0 0 0 0 0 0 0 0 0 0 0 0 0 0 0 0 
0 0 0 0 0 0 0 0 0 0 0 0 0 0 0 0 0 0 0 0 0 0 0 0 0 0 0 0 0 0 0 0 0 0 0 0 0 0 0 0 0 0 0 0 0 0 0 0 0 
0 0 0 0 0 0 0 0 0 0 0 0 0 0 0 0 0 0 0 0 0 0 0 0 0 0 0 0 0 0 0 0 0 0 0 0 0 0 0 0 0 0 0 0 0 0 0 0 0 
0 0 0 0 0 0 0 0 0 0 0 0 0 0 0 0 0 0 0 0 0 0 0 0 0 0 0 0 0 0 0 0 0 0 0 0 0 0 0 0 0 0 0 0 0 0 0 0 0 
0 0 0 0 0 0 0 0 0 0 0 0 0 0 0 0 0 0 0 0 0 0 0 0 0 0 0 0 0 0 0 0 0 0 0 0 0 0 0 0 0 0 0 0 0 0 0 0 0 
0 0 0 0 0 0 0 0 0 0 0 0 0 0 0 0 0 0 0 0 0 0 0 0 0 0 0 0 0 0 0 0 0 0 0 0 0 0 0 0 0 0 0 0 0 0 0 0 0 
0 0 0 0 0 0 0 0 0 0 0 0 0 0 0 0 0 0 0 0 0 0 0 0 0 0 0 0 0 0 0 0 0 0 0 0 0 0 0 0 0 0 0 0 0 0 0 0 0 
0 0 0 0 0 0 0 0 0 0 0 0 0 0 0 0 0 0 0 0 0 0 0 0 0 0 0 0 0 0 0 0 0 0 0 0 0 0 0 0 0 0 0 0 0 0 0 0 0 
0 0 0 0 0 0 0 0 0 0 0 0 0 0 0 0 0 0 0 0 0 0 0 0 0 0 0 0 0 0 0 0 0 0 0 0 0 0 0 0 0 0 0 0 0 0 0 0 0 
0 0 0 0 0 0 0 0 0 0 0 0 0 0 0 0 0 0 0 0 0 0 0 0 0 0 0 0 0 0 0 0 0 0 0 0 0 0 0 0 0 0 0 0 0 0 0 0 0 
0 0 0 0 0 0 0 0 0 0 0 0 0 0 0 0 0 0 0 0 0 0 0 0 0 0 0 0 0 0 0 0 0 0 0 0 0 0 0 0 0 0 0 0 0 0 0 0 0 
0 0 0 0 0 0 0 0 0 0 0 0 0 0 0 0 0 0 0 0 0 0 0 0 0 0 0 0 0 0 0 0 0 0 0 0 0 0 0 0 0 0 0 0 0 0 0 0 0 
0 0 0 0 0 0 0 0 0 0 0 0 0 0 0 0 0 0 0 0 0 0 0 0 0 0 0 0 0 0 0 0 0 0 0 0 0 0 0 0 0 0 0 0 0 0 0 0 0 
0 0 0 0 0 0 0 0 0 0 0 0 0 0 0 0 0 0 0 0 0 0 0 0 0 0 0 0 0 0 0 0 0 0 0 0 0 0 0 0 0 0 0 0 0 0 0 0 0 
0 0 0 0 0 0 0 0 0 0 0 0 0 0 0 0 0 0 0 0 0 0 0 0 0 0 0 0 0 0 0 0 0 0 0 0 0 0 0 0 0 0 0 0 0 0 0 0 0 
0 0 0 0 0 0 0 0 0 0 0 0 0 0 0 0 0 0 0 0 0 0 0 0 0 0 0 0 0 0 0 0 0 0 0 0 0 0 0 0 0 0 0 0 0 0 0 0 0 
0 0 0 0 0 0 0 0 0 0 0 0 0 0 0 0 0 0 0 0 0 0 0 0 0 0 0 0 0 0 0 0 0 0 0 0 0 0 0 0 0 0 0 0 0 0 0 0 0 
0 0 0 0 0 0 0 0 0 0 0 0 0 0 0 0 0 0 0 0 0 0 0 0 0 0 0 0 0 0 0 0 0 0 0 0 0 0 0 0 0 0 0 0 0 0 0 0 0 
0 0 0 0 0 0 0 0 0 0 0 0 0 0 0 0 0 0 0 0 0 0 0 0 0 0 0 0 0 0 0 0 0 0 0 0 0 0 0 0 0 0 0 0 0 0 0 0 0 
0 0 0 0 0 0 0 0 0 0 0 0 0 0 0 0 0 0 0 0 0 0 0 0 0 0 0 0 0 0 0 0 0 0 0 0 0 0 0 0 0 0 0 0 0 0 0 0 0 
0 0 0 0 0 0 0 0 0 0 0 0 0 0 0 0 0 0 0 0 0 0 0 0 0 0 0 0 0 0 0 0 0 0 0 0 0 0 0 0 0 0 0 0 0 0 0 0 0 
0 0 0 0 0 0 0 0 0 0 0 0 0 0 0 0 0 0 0 0 0 0 0 0 0 0 0 0 0 0 0 0 0 0 0 0 0 0 0 0 0 0 0 0 0 0 0 0 0 
0 0 0 0 0 0 0 0 0 0 0 0 0 0 0 0 0 0 0 0 0 0 0 0 0 0 0 0 0 0 0 0 0 0 0 0 0 0 0 0 0 0 0 0 0 0 0 0 0 
0 0 0 0 0 0 0 0 0 0 0 0 0 0 0 0 0 0 0 0 0 0 0 0 0 0 0 0 0 0 0 0 0 0 0 0 0 0 0 0 0 0 0 0 0 0 0 0 0 
0 0 0 0 0 0 0 0 0 0 0 0 0 0 0 0 0 0 0 0 0 0 0 0 0 0 0 0 0 0 0 0 0 0 0 0 0 0 0 0 0 0 0 0 0 0 0 0 0 
0 0 0 0 0 0 0 0 0 0 0 0 0 0 0 0 0 0 0 0 0 0 0 0 0 0 0 0 0 0 0 0 0 0 0 0 0 0 0 0 0 0 0 0 0 0 0 0 0 
0 0 0 0 0 0 0 0 0 0 0 0 0 0 0 0 0 0 0 0 0 0 0 0 0 0 0 0 0 0 0 0 0 0 0 0 0 0 0 0 0 0 0 0 0 0 0 0 0 
0 0 0 0 0 0 0 0 0 0 0 0 0 0 0 0 0 0 0 0 0 0 0 0 0 0 0 0 0 0 0 0 0 0 0 0 0 0 0 0 0 0 0 0 0 0 0 0 0 
0 0 0 0 0 0 0 0 0 0 0 0 0 0 0 0 0 0 0 0 0 0 0 0 0 0 0 0 0 0 0 0 0 0 0 0 0 0 0 0 0 0 0 0 0 0 0 0 0 
0 0 0 0 0 0 0 0 0 0 0 0 0 0 0 0 0 0 0 0 0 0 0 0 0 0 0 0 0 0 0 0 0 0 0 0 0 0 0 0 0 0 0 0 0 0 0 0 0 
0 0 0 0 0 0 0 0 0 0 0 0 0 0 0 0 0 0 0 0 0 0 0 0 0 0 0 0 0 0 0 0 0 0 0 0 0 0 0 0 0 0 0 0 0 0 0 0 0 
0 0 0 0 0 0 0 0 0 0 0 0 0 0 0 0 0 0 0 0 0 0 0 0 0 0 0 0 0 0 0 0 0 0 0 0 0 0 0 0 0 0 0 0 0 0 0 0 0 
0 0 0 0 0 0 0 0 0 0 0 0 0 0 0 0 0 0 0 0 0 0 0 0 0 0 0 0 0 0 0 0 0 0 0 0 0 0 0 0 0 0 0 0 0 0 0 0 0 
0 0 0 0 0 0 0 0 0 0 0 0 0 0 0 0 0 0 0 0 0 0 0 0 0 0 0 0 0 0 0 0 0 0 0 0 0 0 0 0 0 0 0 0 0 0 0 0 0 
0 0 0 0 0 0 0 0 0 0 0 0 0 0 0 0 0 0 0 0 0 0 0 0 0 0 0 0 0 0 0 0 0 0 0 0 0 0 0 0 0 0 0 0 0 0 0 0 0 
0 0 0 0 0 0 0 0 0 0 0 0 0 0 0 0 0 0 0 0 0 0 0 0 0 0 0 0 0 0 0 0 0 0 0 0 0 0 0 0 0 0 0 0 0 0 0 0 0 
0 0 0 0 0 0 0 0 0 0 0 0 0 0 0 0 0 0 0 0 0 0 0 0 0 0 0 0 0 0 0 0 0 0 0 0 0 0 0 0 0 0 0 0 0 0 0 0 0 
0 0 0 0 0 0 0 0 0 0 0 0 0 0 0 0 0 0 0 0 0 0 0 0 0 0 0 0 0 0 0 0 0 0 0 0 0 0 0 0 0 0 0 0 0 0 0 0 0 
0 0 0 0 0 0 0 0 0 0 0 0 0 0 0 0 0 0 0 0 0 0 0 0 0 0 0 0 0 0 0 0 0 0 0 0 0 0 0 0 0 0 0 0 0 0 0 0 0 
0 0 0 0 0 0 0 0 0 0 0 0 0 0 0 0 0 0 0 0 0 0 0 0 0 0 0 0 0 0 0 0 0 0 0 0 0 0 0 0 0 0 0 0 0 0 0 0 0 
0 0 0 0 0 0 0 0 0 0 0 0 0 0 0 0 0 0 0 0 0 0 0 0 0 0 0 0 0 0 0 0 0 0 0 0 0 0 0 0 0 0 0 0 0 0 0 0 0 
0 0 0 0 0 0 0 0 0 0 0 0 0 0 0 0 0 0 0 0 0 0 0 0 0 0 0 0 0 0 0 0 0 0 0 0 0 0 0 0 0 0 0 0 0 0 0 0 0 
0 0 0 0 0 0 0 0 0 0 0 0 0 0 0 0 0 0 0 0 0 0 0 0 0 0 0 0 0 0 0 0 0 0 0 0 0 0 0 0 0 0 0 0 0 0 0 0 0 
0 0 0 0 0 0 0 0 0 0 0 0 0 0 0 0 0 0 0 0 0 0 0 0 0 0 0 0 0 0 0 0 0 0 0 0 0 0 0 0 0 0 0 0 0 0 0 0 0 
0 0 0 0 0 0 0 0 0 0 0 0 0 0 0 0 0 0 0 0 0 0 0 0 0 0 0 0 0 0 0 0 0 0 0 0 0 0 0 0 0 0 0 0 0 0 0 0 0 
0 0 0 0 0 0 0 0 0 0 0 0 0 0 0 0 0 0 0 0 0 0 0 0 0 0 0 0 0 0 0 0 0 0 0 0 0 0 0 0 0 0 0 0 0 0 0 0 0 
0 0 0 0 0 0 0 0 0 0 0 0 0 0 0 0 0 0 0 0 0 0 0 0 0 0 0 0 0 0 0 0 0 0 0 0 0 0 0 0 0 0 0 0 0 0 0 0 0 
0 0 0 0 0 0 0 0 0 0 0 0 0 0 0 0 0 0 0 0 0 0 0 0 0 0 0 0 0 0 0 0 0 0 0 0 0 0 0 0 0 0 0 0 0 0 0 0 0 
0 0 0 0 0 0 0 0 0 0 0 0 0 0 0 0 0 0 0 0 0 0 0 0 0 0 0 0 0 0 0 0 0 0 0 0 0 0 0 0 0 0 0 0 0 0 0 0 0 
0 0 0 0 0 0 0 0 0 0 0 0 0 0 0 0 0 0 0 0 0 0 0 0 0 0 0 0 0 0 0 0 0 0 0 0 0 0 0 0 0 0 0 0 0 0 0 0 0 
0 0 0 0 0 0 0 0 0 0 0 0 0 0 0 0 0 0 0 0 0 0 0 0 0 0 0 0 0 0 0 0 0 0 0 0 0 0 0 0 0 0 0 0 0 0 0 0 0 
0 0 0 0 0 0 0 0 0 0 0 0 0 0 0 0 0 0 0 0 0 0 0 0 0 0 0 0 0 0 0 0 0 0 0 0 0 0 0 0 0 0 0 0 0 0 0 0 0 
0 0 0 0 0 0 0 0 0 0 0 0 0 0 0 0 0 0 0 0 0 0 0 0 0 0 0 0 0 0 0 0 0 0 0 0 0 0 0 0 0 0 0 0 0 0 0 0 0 
0 0 0 0 0 0 0 0 0 0 0 0 0 0 0 0 0 0 0 0 0 0 0 0 0 0 0 0 0 0 0 0 0 0 0 0 0 0 0 0 0 0 0 0 0 0 0 0 0 
0 0 0 0 0 0 0 0 0 0 0 0 0 0 0 0 0 0 0 0 0 0 0 0 0 0 0 0 0 0 0 0 0 0 0 0 0 0 0 0 0 0 0 0 0 0 0 0 0 
0 0 0 0 0 0 0 0 0 0 0 0 0 0 0 0 0 0 0 0 0 0 0 0 0 0 0 0 0 0 0 0 0 0 0 0 0 0 0 0 0 0 0 0 0 0 0 0 0 
0 0 0 0 0 0 0 0 0 0 0 0 0 0 0 0 0 0 0 0 0 0 0 0 0 0 0 0 0 0 0 0 0 0 0 0 0 0 0 0 0 0 0 0 0 0 0 0 0 
0 0 0 0 0 0 0 0 0 0 0 0 0 0 0 0 0 0 0 0 0 0 0 0 0 0 0 0 0 0 0 0 0 0 0 0 0 0 0 0 0 0 0 0 0 0 0 0 0 
0 0 0 0 0 0 0 0 0 0 0 0 0 0 0 0 0 0 0 0 0 0 0 0 0 0 0 0 0 0 0 0 0 0 0 0 0 0 0 0 0 0 0 0 0 0 0 0 0 
0 0 0 0 0 0 0 0 0 0 0 0 0 0 0 0 0 0 0 0 0 0 0 0 0 0 0 0 0 0 0 0 0 0 0 0 0 0 0 0 0 0 0 0 0 0 0 0 0 
0 0 0 0 0 0 0 0 0 0 0 0 0 0 0 0 0 0 0 0 0 0 0 0 0 0 0 0 0 0 0 0 0 0 0 0 0 0 0 0 0 0 0 0 0 0 0 0 0 
0 0 0 0 0 0 0 0 0 0 0 0 0 0 0 0 0 0 0 0 0 0 0 0 0 0 0 0 0 0 0 0 0 0 0 0 0 0 0 0 0 0 0 0 0 0 0 0 0 
0 0 0 0 0 0 0 0 0 0 0 0 0 0 0 0 0 0 0 0 0 0 0 0 0 0 0 0 0 0 0 0 0 0 0 0 0 0 0 0 0 0 0 0 0 0 0 0 0 
0 0 0 0 0 0 0 0 0 0 0 0 0 0 0 0 0 0 0 0 0 0 0 0 0 0 0 0 0 0 0 0 0 0 0 0 0 0 0 0 0 0 0 0 0 0 0 0 0 
0 0 0 0 0 0 0 0 0 0 0 0 0 0 0 0 0 0 0 0 0 0 0 0 0 0 0 0 0 0 0 0 0 0 0 0 0 0 0 0 0 0 0 0 0 0 0 0 0 
0 0 0 0 0 0 0 0 0 0 0 0 0 0 0 0 0 0 0 0 0 0 0 0 0 0 0 0 0 0 0 0 0 0 0 0 0 0 0 0 0 0 0 0 0 0 0 0 0 
0 0 0 0 0 0 0 0 0 0 0 0 0 0 0 0 0 0 0 0 0 0 0 0 0 0 0 0 0 0 0 0 0 0 0 0 0 0 0 0 0 0 0 0 0 0 0 0 0 
0 0 0 0 0 0 0 0 0 0 0 0 0 0 0 0 0 0 0 0 0 0 0 0 0 0 0 0 0 0 0 0 0 0 0 0 0 0 0 0 0 0 0 0 0 0 0 0 0 
0 0 0 0 0 0 0 0 0 0 0 0 0 0 0 0 0 0 0 0 0 0 0 0 0 0 0 0 0 0 0 0 0 0 0 0 0 0 0 0 0 0 0 0 0 0 0 0 0 
0 0 0 0 0 0 0 0 0 0 0 0 0 0 0 0 0 0 0 0 0 0 0 0 0 0 0 0 0 0 0 0 0 0 0 0 0 0 0 0 0 0 0 0 0 0 0 0 0 
0 0 0 0 0 0 0 0 0 0 0 0 0 0 0 0 0 0 0 0 0 0 0 0 0 0 0 0 0 0 0 0 0 0 0 0 0 0 0 0 0 0 0 0 0 0 0 0 0 
0 0 0 0 0 0 0 0 0 0 0 0 0 0 0 0 0 0 0 0 0 0 0 0 0 0 0 0 0 0 0 0 0 0 0 0 0 0 0 0 0 0 0 0 0 0 0 0 0 
0 0 0 0 0 0 0 0 0 0 0 0 0 0 0 0 0 0 0 0 0 0 0 0 0 0 0 0 0 0 0 0 0 0 0 0 0 0 0 0 0 0 0 0 0 0 0 0 0 
0 0 0 0 0 0 0 0 0 0 0 0 0 0 0 0 0 0 0 0 0 0 0 0 0 0 0 0 0 0 0 0 0 0 0 0 0 0 0 0 0 0 0 0 0 0 0 0 0 
0 0 0 0 0 0 0 0 0 0 0 0 0 0 0 0 0 0 0 0 0 0 0 0 0 0 0 0 0 0 0 0 0 0 0 0 0 0 0 0 0 0 0 0 0 0 0 0 0 
0 0 0 0 0 0 0 0 0 0 0 0 0 0 0 0 0 0 0 0 0 0 0 0 0 0 0 0 0 0 0 0 0 0 0 0 0 0 0 0 0 0 0 0 0 0 0 0 0 
0 0 0 0 0 0 0 0 0 0 0 0 0 0 0 0 0 0 0 0 0 0 0 0 0 0 0 0 0 0 0 0 0 0 0 0 0 0 0 0 0 0 0 0 0 0 0 0 0 
0 0 0 0 0 0 0 0 0 0 0 0 0 0 0 0 0 0 0 0 0 0 0 0 0 0 0 0 0 0 0 0 0 0 0 0 0 0 0 0 0 0 0 0 0 0 0 0 0 
0 0 0 0 0 0 0 0 0 0 0 0 0 0 0 0 0 0 0 0 0 0 0 0 0 0 0 0 0 0 0 0 0 0 0 0 0 0 0 0 0 0 0 0 0 0 0 0 0 
0 0 0 0 0 0 0 0 0 0 0 0 0 0 0 0 0 0 0 0 0 0 0 0 0 0 0 0 0 0 0 0 0 0 0 0 0 0 0 0 0 0 0 0 0 0 0 0 0 
0 0 0 0 0 0 0 0 0 0 0 0 0 0 0 0 0 0 0 0 0 0 0 0 0 0 0 0 0 0 0 0 0 0 0 0 0 0 0 0 0 0 0 0 0 0 0 0 0 
0 0 0 0 0 0 0 0 0 0 0 0 0 0 0 0 0 0 0 0 0 0 0 0 0 0 0 0 0 0 0 0 0 0 0 0 0 0 0 0 0 0 0 0 0 0 0 0 0 
0 0 0 0 0 0 0 0 0 0 0 0 0 0 0 0 0 0 0 0 0 0 0 0 0 0 0 0 0 0 0 0 0 0 0 0 0 0 0 0 0 0 0 0 0 0 0 0 0 
0 0 0 0 0 0 0 0 0 0 0 0 0 0 0 0 0 0 0 0 0 0 0 0 0 0 0 0 0 0 0 0 0 0 0 0 0 0 0 0 0 0 0 0 0 0 0 0 0 
0 0 0 0 0 0 0 0 0 0 0 0 0 0 0 0 0 0 0 0 0 0 0 0 0 0 0 0 0 0 0 0 0 0 0 0 0 0 0 0 0 0 0 0 0 0 0 0 0 
0 0 0 0 0 0 0 0 0 0 0 0 0 0 0 0 0 0 0 0 0 0 0 0 0 0 0 0 0 0 0 0 0 0 0 0 0 0 0 0 0 0 0 0 0 0 0 0 0 
0 0 0 0 0 0 0 0 0 0 0 0 0 0 0 0 0 0 0 0 0 0 0 0 0 0 0 0 0 0 0 0 0 0 0 0 0 0 0 0 0 0 0 0 0 0 0 0 0 
0 0 0 0 0 0 0 0 0 0 0 0 0 0 0 0 0 0 0 0 0 0 0 0 0 0 0 0 0 0 0 0 0 0 0 0 0 0 0 0 0 0 0 0 0 0 0 0 0 
0 0 0 0 0 0 0 0 0 0 0 0 0 0 0 0 0 0 0 0 0 0 0 0 0 0 0 0 0 0 0 0 0 0 0 0 0 0 0 0 0 0 0 0 0 0 0 0 0 
0 0 0 0 0 0 0 0 0 0 0 0 0 0 0 0 0 0 0 0 0 0 0 0 0 0 0 0 0 0 0 0 0 0 0 0 0 0 0 0 0 0 0 0 0 0 0 0 0 
0 0 0 0 0 0 0 0 0 0 0 0 0 0 0 0 0 0 0 0 0 0 0 0 0 0 0 0 0 0 0 0 0 0 0 0 0 0 0 0 0 0 0 0 0 0 0 0 0 
0 0 0 0 0 0 0 0 0 0 0 0 0 0 0 0 0 0 0 0 0 0 0 0 0 0 0 0 0 0 0 0 0 0 0 0 0 0 0 0 0 0 0 0 0 0 0 0 0 
0 0 0 0 0 0 0 0 0 0 0 0 0 0 0 0 0 0 0 0 0 0 0 0 0 0 0 0 0 0 0 0 0 0 0 0 0 0 0 0 0 0 0 0 0 0 0 0 0 
0 0 0 0 0 0 0 0 0 0 0 0 0 0 0 0 0 0 0 0 0 0 0 0 0 0 0 0 0 0 0 0 0 0 0 0 0 0 0 0 0 0 0 0 0 0 0 0 0 
0 0 0 0 0 0 0 0 0 0 0 0 0 0 0 0 0 0 0 0 0 0 0 0 0 0 0 0 0 0 0 0 0 0 0 0 0 0 0 0 0 0 0 0 0 0 0 0 0 
0 0 0 0 0 0 0 0 0 0 0 0 0 0 0 0 0 0 0 0 0 0 0 0 0 0 0 0 0 0 0 0 0 0 0 0 0 0 0 0 0 0 0 0 0 0 0 0 0 
0 0 0 0 0 0 0 0 0 0 0 0 0 0 0 0 0 0 0 0 0 0 0 0 0 0 0 0 0 0 0 0 0 0 0 0 0 0 0 0 0 0 0 0 0 0 0 0 0 
0 0 0 0 0 0 0 0 0 0 0 0 0 0 0 0 0 0 0 0 0 0 0 0 0 0 0 0 0 0 0 0 0 0 0 0 0 0 0 0 0 0 0 0 0 0 0 0 0 
0 0 0 0 0 0 0 0 0 0 0 0 0 0 0 0 0 0 0 0 0 0 0 0 0 0 0 0 0 0 0 0 0 0 0 0 0 0 0 0 0 0 0 0 0 0 0 0 0 
0 0 0 0 0 0 0 0 0 0 0 0 0 0 0 0 0 0 0 0 0 0 0 0 0 0 0 0 0 0 0 0 0 0 0 0 0 0 0 0 0 0 0 0 0 0 0 0 0 
0 0 0 0 0 0 0 0 0 0 0 0 0 0 0 0 0 0 0 0 0 0 0 0 0 0 0 0 0 0 0 0 0 0 0 0 0 0 0 0 0 0 0 0 0 0 0 0 0 
0 0 0 0 0 0 0 0 0 0 0 0 0 0 0 0 0 0 0 0 0 0 0 0 0 0 0 0 0 0 0 0 0 0 0 0 0 0 0 0 0 0 0 0 0 0 0 0 0 
0 0 0 0 0 0 0 0 0 0 0 0 0 0 0 0 0 0 0 0 0 0 0 0 0 0 0 0 0 0 0 0 0 0 0 0 0 0 0 0 0 0 0 0 0 0 0 0 0 
0 0 0 0 0 0 0 0 0 0 0 0 0 0 0 0 0 0 0 0 0 0 0 0 0 0 0 0 0 0 0 0 0 0 0 0 0 0 0 0 0 0 0 0 0 0 0 0 0 
0 0 0 0 0 0 0 0 0 0 0 0 0 0 0 0 0 0 0 0 0 0 0 0 0 0 0 0 0 0 0 0 0 0 0 0 0 0 0 0 0 0 0 0 0 0 0 0 0 
0 0 0 0 0 0 0 0 0 0 0 0 0 0 0 0 0 0 0 0 0 0 0 0 0 0 0 0 0 0 0 0 0 0 0 0 0 0 0 0 0 0 0 0 0 0 0 0 0 
0 0 0 0 0 0 0 0 0 0 0 0 0 0 0 0 0 0 0 0 0 0 0 0 0 0 0 0 0 0 0 0 0 0 0 0 0 0 0 0 0 0 0 0 0 0 0 0 0 
0 0 0 0 0 0 0 0 0 0 0 0 0 0 0 0 0 0 0 0 0 0 0 0 0 0 0 0 0 0 0 0 0 0 0 0 0 0 0 0 0 0 0 0 0 0 0 0 0 
0 0 0 0 0 0 0 0 0 0 0 0 0 0 0 0 0 0 0 0 0 0 0 0 0 0 0 0 0 0 0 0 0 0 0 0 0 0 0 0 0 0 0 0 0 0 0 0 0 
0 0 0 0 0 0 0 0 0 0 0 0 0 0 0 0 0 0 0 0 0 0 0 0 0 0 0 0 0 0 0 0 0 0 0 0 0 0 0 0 0 0 0 0 0 0 0 0 0 
0 0 0 0 0 0 0 0 0 0 0 0 0 0 0 0 0 0 0 0 0 0 0 0 0 0 0 0 0 0 0 0 0 0 0 0 0 0 0 0 0 0 0 0 0 0 0 0 0 
0 0 0 0 0 0 0 0 0 0 0 0 0 0 0 0 0 0 0 0 0 0 0 0 0 0 0 0 0 0 0 0 0 0 0 0 0 0 0 0 0 0 0 0 0 0 0 0 0 
0 0 0 0 0 0 0 0 0 0 0 0 0 0 0 0 0 0 0 0 0 0 0 0 0 0 0 0 0 0 0 0 0 0 0 0 0 0 0 0 0 0 0 0 0 0 0 0 0 
0 0 0 0 0 0 0 0 0 0 0 0 0 0 0 0 0 0 0 0 0 0 0 0 0 0 0 0 0 0 0 0 0 0 0 0 0 0 0 0 0 0 0 0 0 0 0 0 0 
0 0 0 0 0 0 0 0 0 0 0 0 0 0 0 0 0 0 0 0 0 0 0 0 0 0 0 0 0 0 0 0 0 0 0 0 0 0 0 0 0 0 0 0 0 0 0 0 0 
0 0 0 0 0 0 0 0 0 0 0 0 0 0 0 0 0 0 0 0 0 0 0 0 0 0 0 0 0 0 0 0 0 0 0 0 0 0 0 0 0 0 0 0 0 0 0 0 0 
0 0 0 0 0 0 0 0 0 0 0 0 0 0 0 0 0 0 0 0 0 0 0 0 0 0 0 0 0 0 0 0 0 0 0 0 0 0 0 0 0 0 0 0 0 0 0 0 0 
0 0 0 0 0 0 0 0 0 0 0 0 0 0 0 0 0 0 0 0 0 0 0 0 0 0 0 0 0 0 0 0 0 0 0 0 0 0 0 0 0 0 0 0 0 0 0 0 0 
0 0 0 0 0 0 0 0 0 0 0 0 0 0 0 0 0 0 0 0 0 0 0 0 0 0 0 0 0 0 0 0 0 0 0 0 0 0 0 0 0 0 0 0 0 0 0 0 0 
0 0 0 0 0 0 0 0 0 0 0 0 0 0 0 0 0 0 0 0 0 0 0 0 0 0 0 0 0 0 0 0 0 0 0 0 0 0 0 0 0 0 0 0 0 0 0 0 0 
0 0 0 0 0 0 0 0 0 0 0 0 0 0 0 0 0 0 0 0 0 0 0 0 0 0 0 0 0 0 0 0 0 0 0 0 0 0 0 0 0 0 0 0 0 0 0 0 0 
0 0 0 0 0 0 0 0 0 0 0 0 0 0 0 0 0 0 0 0 0 0 0 0 0 0 0 0 0 0 0 0 0 0 0 0 0 0 0 0 0 0 0 0 0 0 0 0 0 
0 0 0 0 0 0 0 0 0 0 0 0 0 0 0 0 0 0 0 0 0 0 0 0 0 0 0 0 0 0 0 0 0 0 0 0 0 0 0 0 0 0 0 0 0 0 0 0 0 
0 0 0 0 0 0 0 0 0 0 0 0 0 0 0 0 0 0 0 0 0 0 0 0 0 0 0 0 0 0 0 0 0 0 0 0 0 0 0 0 0 0 0 0 0 0 0 0 0 
0 0 0 0 0 0 0 0 0 0 0 0 0 0 0 0 0 0 0 0 0 0 0 0 0 0 0 0 0 0 0 0 0 0 0 0 0 0 0 0 0 0 0 0 0 0 0 0 0 
0 0 0 0 0 0 0 0 0 0 0 0 0 0 0 0 0 0 0 0 0 0 0 0 0 0 0 0 0 0 0 0 0 0 0 0 0 0 0 0 0 0 0 0 0 0 0 0 0 
0 0 0 0 0 0 0 0 0 0 0 0 0 0 0 0 0 0 0 0 0 0 0 0 0 0 0 0 0 0 0 0 0 0 0 0 0 0 0 0 0 0 0 0 0 0 0 0 0 
0 0 0 0 0 0 0 0 0 0 0 0 0 0 0 0 0 0 0 0 0 0 0 0 0 0 0 0 0 0 0 0 0 0 0 0 0 0 0 0 0 0 0 0 0 0 0 0 0 
0 0 0 0 0 0 0 0 0 0 0 0 0 0 0 0 0 0 0 0 0 0 0 0 0 0 0 0 0 0 0 0 0 0 0 0 0 0 0 0 0 0 0 0 0 0 0 0 0 
0 0 0 0 0 0 0 0 0 0 0 0 0 0 0 0 0 0 0 0 0 0 0 0 0 0 0 0 0 0 0 0 0 0 0 0 0 0 0 0 0 0 0 0 0 0 0 0 0 
0 0 0 0 0 0 0 0 0 0 0 0 0 0 0 0 0 0 0 0 0 0 0 0 0 0 0 0 0 0 0 0 0 0 0 0 0 0 0 0 0 0 0 0 0 0 0 0 0 
0 0 0 0 0 0 0 0 0 0 0 0 0 0 0 0 0 0 0 0 0 0 0 0 0 0 0 0 0 0 0 0 0 0 0 0 0 0 0 0 0 0 0 0 0 0 0 0 0 
0 0 0 0 0 0 0 0 0 0 0 0 0 0 0 0 0 0 0 0 0 0 0 0 0 0 0 0 0 0 0 0 0 0 0 0 0 0 0 0 0 0 0 0 0 0 0 0 0 
0 0 0 0 0 0 0 0 0 0 0 0 0 0 0 0 0 0 0 0 0 0 0 0 0 0 0 0 0 0 0 0 0 0 0 0 0 0 0 0 0 0 0 0 0 0 0 0 0 
0 0 0 0 0 0 0 0 0 0 0 0 0 0 0 0 0 0 0 0 0 0 0 0 0 0 0 0 0 0 0 0 0 0 0 0 0 0 0 0 0 0 0 0 0 0 0 0 0 
0 0 0 0 0 0 0 0 0 0 0 0 0 0 0 0 0 0 0 0 0 0 0 0 0 0 0 0 0 0 0 0 0 0 0 0 0 0 0 0 0 0 0 0 0 0 0 0 0 
0 0 0 0 0 0 0 0 0 0 0 0 0 0 0 0 0 0 0 0 0 0 0 0 0 0 0 0 0 0 0 0 0 0 0 0 0 0 0 0 0 0 0 0 0 0 0 0 0 
0 0 0 0 0 0 0 0 0 0 0 0 0 0 0 0 0 0 0 0 0 0 0 0 0 0 0 0 0 0 0 0 0 0 0 0 0 0 0 0 0 0 0 0 0 0 0 0 0 
0 0 0 0 0 0 0 0 0 0 0 0 0 0 0 0 0 0 0 0 0 0 0 0 0 0 0 0 0 0 0 0 0 0 0 0 0 0 0 0 0 0 0 0 0 0 0 0 0 
0 0 0 0 0 0 0 0 0 0 0 0 0 0 0 0 0 0 0 0 0 0 0 0 0 0 0 0 0 0 0 0 0 0 0 0 0 0 0 0 0 0 0 0 0 0 0 0 0 
0 0 0 0 0 0 0 0 0 0 0 0 0 0 0 0 0 0 0 0 0 0 0 0 0 0 0 0 0 0 0 0 0 0 0 0 0 0 0 0 0 0 0 0 0 0 0 0 0 
0 0 0 0 0 0 0 0 0 0 0 0 0 0 0 0 0 0 0 0 0 0 0 0 0 0 0 0 0 0 0 0 0 0 0 0 0 0 0 0 0 0 0 0 0 0 0 0 0 
0 0 0 0 0 0 0 0 0 0 0 0 0 0 0 0 0 0 0 0 0 0 0 0 0 0 0 0 0 0 0 0 0 0 0 0 0 0 0 0 0 0 0 0 0 0 0 0 0 
0 0 0 0 0 0 0 0 0 0 0 0 0 0 0 0 0 0 0 0 0 0 0 0 0 0 0 0 0 0 0 0 0 0 0 0 0 0 0 0 0 0 0 0 0 0 0 0 0 
0 0 0 0 0 0 0 0 0 0 0 0 0 0 0 0 0 0 0 0 0 0 0 0 0 0 0 0 0 0 0 0 0 0 0 0 0 0 0 0 0 0 0 0 0 0 0 0 0 
0 0 0 0 0 0 0 0 0 0 0 0 0 0 0 0 0 0 0 0 0 0 0 0 0 0 0 0 0 0 0 0 0 0 0 0 0 0 0 0 0 0 0 0 0 0 0 0 0 
0 0 0 0 0 0 0 0 0 0 0 0 0 0 0 0 0 0 0 0 0 0 0 0 0 0 0 0 0 0 0 0 0 0 0 0 0 0 0 0 0 0 0 0 0 0 0 0 0 
0 0 0 0 0 0 0 0 0 0 0 0 0 0 0 0 0 0 0 0 0 0 0 0 0 0 0 0 0 0 0 0 0 0 0 0 0 0 0 0 0 0 0 0 0 0 0 0 0 
0 0 0 0 0 0 0 0 0 0 0 0 0 0 0 0 0 0 0 0 0 0 0 0 0 0 0 0 0 0 0 0 0 0 0 0 0 0 0 0 0 0 0 0 0 0 0 0 0 
0 0 0 0 0 0 0 0 0 0 0 0 0 0 0 0 0 0 0 0 0 0 0 0 0 0 0 0 0 0 0 0 0 0 0 0 0 0 0 0 0 0 0 0 0 0 0 0 0 
0 0 0 0 0 0 0 0 0 0 0 0 0 0 0 0 0 0 0 0 0 0 0 0 0 0 0 0 0 0 0 0 0 0 0 0 0 0 0 0 0 0 0 0 0 0 0 0 0 
0 0 0 0 0 0 0 0 0 0 0 0 0 0 0 0 0 0 0 0 0 0 0 0 0 0 0 0 0 0 0 0 0 0 0 0 0 0 0 0 0 0 0 0 0 0 0 0 0 
0 0 0 0 0 0 0 0 0 0 0 0 0 0 0 0 0 0 0 0 0 0 0 0 0 0 0 0 0 0 0 0 0 0 0 0 0 0 0 0 0 0 0 0 0 0 0 0 0 
0 0 0 0 0 0 0 0 0 0 0 0 0 0 0 0 0 0 0 0 0 0 0 0 0 0 0 0 0 0 0 0 0 0 0 0 0 0 0 0 0 0 0 0 0 0 0 0 0 
0 0 0 0 0 0 0 0 0 0 0 0 0 0 0 0 0 0 0 0 0 0 0 0 0 0 0 0 0 0 0 0 0 0 0 0 0 0 0 0 0 0 0 0 0 0 0 0 0 
0 0 0 0 0 0 0 0 0 0 0 0 0 0 0 0 0 0 0 0 0 0 0 0 0 0 0 0 0 0 0 0 0 0 0 0 0 0 0 0 0 0 0 0 0 0 0 0 0 
0 0 0 0 0 0 0 0 0 0 0 0 0 0 0 0 0 0 0 0 0 0 0 0 0 0 0 0 0 0 0 0 0 0 0 0 0 0 0 0 0 0 0 0 0 0 0 0 0 
0 0 0 0 0 0 0 0 0 0 0 0 0 0 0 0 0 0 0 0 0 0 0 0 0 0 0 0 0 0 0 0 0 0 0 0 0 0 0 0 0 0 0 0 0 0 0 0 0 
0 0 0 0 0 0 0 0 0 0 0 0 0 0 0 0 0 0 0 0 0 0 0 0 0 0 0 0 0 0 0 0 0 0 0 0 0 0 0 0 0 0 0 0 0 0 0 0 0 
0 0 0 0 0 0 0 0 0 0 0 0 0 0 0 0 0 0 0 0 0 0 0 0 0 0 0 0 0 0 0 0 0 0 0 0 0 0 0 0 0 0 0 0 0 0 0 0 0 
0 0 0 0 0 0 0 0 0 0 0 0 0 0 0 0 0 0 0 0 0 0 0 0 0 0 0 0 0 0 0 0 0 0 0 0 0 0 0 0 0 0 0 0 0 0 0 0 0 
0 0 0 0 0 0 0 0 0 0 0 0 0 0 0 0 0 0 0 0 0 0 0 0 0 0 0 0 0 0 0 0 0 0 0 0 0 0 0 0 0 0 0 0 0 0 0 0 0 
0 0 0 0 0 0 0 0 0 0 0 0 0 0 0 0 0 0 0 0 0 0 0 0 0 0 0 0 0 0 0 0 0 0 0 0 0 0 0 0 0 0 0 0 0 0 0 0 0 
0 0 0 0 0 0 0 0 0 0 0 0 0 0 0 0 0 0 0 0 0 0 0 0 0 0 0 0 0 0 0 0 0 0 0 0 0 0 0 0 0 0 0 0 0 0 0 0 0 
0 0 0 0 0 0 0 0 0 0 0 0 0 0 0 0 0 0 0 0 0 0 0 0 0 0 0 0 0 0 0 0 0 0 0 0 0 0 0 0 0 0 0 0 0 0 0 0 0 
0 7.1175 0 0 0 5.60071 0 0 0 0 0 0 0 0 0 0 0 0 0 0 0 0 0 0 0 0 0 0 0 0 0 0 0 0 0 0 0 0 0 0 0 0 0 0 0 0 0 0 0 
7.1175 0 0 7.3981 7.3981 0 5.39793 6.80809 0 0 0 0 18.2216 0 0 0 0 0 0 0 0 0 0 0 0 0 0 0 0 0 0 0 0 0 0 0 0 0 0 0 0 0 0 0 0 0 0 0 0 
0 0 0 19.7316 0 0 0 0 0 0 0 0 7.31302 0 0 0 0 0 0 0 0 0 0 7.18823 0 0 0 0 0 0 0 0 0 0 0 0 0 0 0 0 0 0 0 0 0 0 0 0 0 
0 7.3981 19.7316 0 0 0 0 0 7.26011 0 0 0 0 0 0 0 0 0 0 0 0 0 0 0 0 0 0 0 0 0 0 0 0 0 0 0 0 0 0 0 0 0 0 0 0 0 0 0 0 
0 7.3981 0 0 0 0 12.7607 6.80809 1.97106 0 0 0 0 0 0 0 0 0 0 0 0 0 0 0 0 0 0 0 0 0 0 0 0 0 0 0 0 0 0 0 0 0 0 0 0 0 0 0 0 
5.60071 0 0 0 0 7.87053 4.37293 0 0 0 0 0 0 0 0 0 0 0 0 0 6.28462 0 0 0 0 0 0 0 0 0 0 0 0 0 0 0 0 0 0 0 0 0 0 0 0 0 0 0 0 
0 5.39793 0 0 12.7607 4.37293 0 6.53037 0 0 0 0 0 0 0 0 0 0 0 0 5.93987 0 0 0 0 0 0 0 0 0 0 0 0 0 0 0 0 0 0 0 0 0 0 0 0 0 0 0 0 
0 6.80809 0 0 6.80809 0 6.53037 0 18.1028 0 0 0 0 0 0 0 0 0 0 7.87642 0 0 0 0 0 0 0 0 0 0 0 0 0 0 0 0 0 0 0 0 0 0 0 0 0 0 0 0 0 
0 0 0 7.26011 1.97106 0 0 18.1028 7.43022 7.43022 0 0 0 0 0 6.62275 0 0 7.26011 0 0 0 0 0 0 0 0 0 0 0 0 0 0 0 0 0 0 0 0 0 0 0 0 0 0 0 0 0 0 
0 0 0 0 0 0 0 0 7.43022 6.19947 6.05213 0 0 0 0 0 0 5.79004 0 0 0 0 0 0 0 0 0 0 0 0 0 0 0 0 0 0 0 0 0 0 0 0 0 0 0 0 0 0 0 
0 0 0 0 0 0 0 0 0 6.05213 4.39285 6.6631 0 0 0 0 0 0 0 0 0 0 0 0 0 0 0 0 0 0 0 0 0 0 0 0 0 0 0 0 0 0 0 0 0 0 0 0 0 
0 0 0 0 0 0 0 0 0 0 6.6631 7.10202 0 2.70633 0 0 0 0 0 0 0 0 0 0 0 0 2.64067 0 0 0 2.60482 0 0 0 6.97885 0 0 0 0 0 0 0 0 0 0 0 40.7664 35.201 0 
0 18.2216 7.31302 0 0 0 0 0 0 0 0 0 0 0 0 0 0 0 0 0 0 0 0 7.31302 0 0 0 0 0 0 0 0 0 0 0 0 0 0 0 0 0 0 0 0 0 0 0 0 0 
0 0 0 0 0 0 0 0 0 0 0 2.70633 0 0 2.58947 0 12.0349 0 0 0 0 0 0 0 0 0 0 0 0 0 0 0 0 0 0 0 0 0 0 0 0 0 0 0 0 0 2.70633 0 0 
0 0 0 0 0 0 0 0 0 0 0 0 0 2.58947 0 0 33.1282 0 0 0 0 0 0 0 0 0 0 2.60482 7.65156 5.69403 2.60482 0 0 0 0 0 0 0 0 0 0 0 0 58.9731 0 0 0 2.58947 0 
0 0 0 0 0 0 0 0 6.62275 0 0 0 0 0 0 6.62275 6.62275 6.32122 0 0 0 0 0 0 0 0 0 7.44077 0 0 0 2.51083 0 0 0 0 0 0 0 0 0 0 0 0 0 0 0 0 0 
0 0 0 0 0 0 0 0 0 0 0 0 0 12.0349 33.1282 6.62275 5.23775 0 0 0 0 0 0 0 0 0 0 0 0 0 0 0 0 0 0 0 0 0 0 0 0 0 0 0 0 0 0 0 0 
0 0 0 0 0 0 0 0 0 5.79004 0 0 0 0 0 6.32122 0 18.9681 18.9681 0 0 0 0 0 5.75625 4.63534 0 0 0 0 0 0 0 0 0 0 0 0 0 0 0 0 0 0 0 0 0 0 0 
0 0 0 0 0 0 0 0 7.26011 0 0 0 0 0 0 0 0 18.9681 0 5.49515 0 0 0 0 7.12369 0 0 0 0 0 0 0 0 0 0 0 0 0 0 0 0 0 0 0 0 0 0 0 0 
0 0 0 0 0 0 0 7.87642 0 0 0 0 0 0 0 0 0 0 5.49515 7.87642 0 0 18.0636 0 0 0 0 0 0 0 0 0 0 0 0 0 0 0 0 0 0 0 0 0 0 0 0 0 0 
0 0 0 0 0 6.28462 5.93987 0 0 0 0 0 0 0 0 0 0 0 0 0 0 18.5322 19.0985 0 0 0 0 0 0 0 0 0 0 0 0 0 0 0 0 0 0 0 0 0 0 0 0 0 0 
0 0 0 0 0 0 0 0 0 0 0 0 0 0 0 0 0 0 0 0 18.5322 0 6.14775 0 0 0 0 0 0 0 0 0 0 0 0 45.7755 7.60566 7.46004 0 0 0 0 0 0 0 0 0 0 0 
0 0 0 0 0 0 0 0 0 0 0 0 0 0 0 0 0 0 0 18.0636 19.0985 6.14775 19.7628 0 2.65481 0 0 0 0 0 0 0 0 0 0 0 0 39.6822 0 0 0 0 0 0 0 0 0 0 0 
0 0 7.18823 0 0 0 0 0 0 0 0 0 7.31302 0 0 0 0 0 0 0 0 0 0 18.0245 0 0 0 0 0 0 0 0 0 0 0 0 0 0 0 0 0 0 0 0 0 0 0 0 0 
0 0 0 0 0 0 0 0 0 0 0 0 0 0 0 0 0 5.75625 7.12369 0 0 0 2.65481 0 0 5.42218 5.66698 0 0 0 0 0 4.50411 0 0 5.70694 0 2.65481 0 0 0 0 0 0 0 0 0 0 0 
0 0 0 0 0 0 0 0 0 0 0 0 0 0 0 0 0 4.63534 0 0 0 0 0 0 5.42218 0 5.42577 2.60482 0 0 0 0 3.82825 0 0 0 0 0 0 0 0 0 0 0 0 0 0 0 0 
0 0 0 0 0 0 0 0 0 0 0 2.64067 0 0 0 0 0 0 0 0 0 0 0 0 5.66698 5.42577 2.64067 2.60482 5.42577 0 0 0 0 0 0 0 0 0 0 0 0 0 0 0 0 0 0 0 0 
0 0 0 0 0 0 0 0 0 0 0 0 0 0 2.60482 7.44077 0 0 0 0 0 0 0 0 0 2.60482 2.60482 0 0 0 2.60482 18.5598 0 0 0 0 0 0 0 0 0 0 0 0 0 0 0 0 0 
0 0 0 0 0 0 0 0 0 0 0 0 0 0 7.65156 0 0 0 0 0 0 0 0 0 0 0 5.42577 0 0 4.87572 4.87572 47.7581 0 0 0 0 0 0 0 0 0 0 0 0 0 0 0 0 0 
0 0 0 0 0 0 0 0 0 0 0 0 0 0 5.69403 0 0 0 0 0 0 0 0 0 0 0 0 0 4.87572 6.07998 6.07998 0 0 0 0 0 0 0 0 0 0 0 11.9175 2.62252 0 0 0 0 0 
0 0 0 0 0 0 0 0 0 0 0 2.60482 0 0 2.60482 0 0 0 0 0 0 0 0 0 0 0 0 2.60482 4.87572 6.07998 0 18.5598 0 0 0 0 0 0 0 0 0 0 11.9175 2.60482 0 0 0 0 0 
0 0 0 0 0 0 0 0 0 0 0 0 0 0 0 2.51083 0 0 0 0 0 0 0 0 0 0 0 18.5598 47.7581 0 18.5598 0 2.61877 0 0 0 0 0 0 0 0 3.96644 0 0 0 0 0 0 0 
0 0 0 0 0 0 0 0 0 0 0 0 0 0 0 0 0 0 0 0 0 0 0 0 4.50411 3.82825 0 0 0 0 0 2.61877 0 4.46105 0 0 0 0 0 0 5.2359 3.82825 2.61877 0 0 0 0 0 0 
0 0 0 0 0 0 0 0 0 0 0 0 0 0 0 0 0 0 0 0 0 0 0 0 0 0 0 0 0 0 0 0 4.46105 0 0 6.46889 0 0 0 0 0 0 0 0 0 0 0 0 0 
0 0 0 0 0 0 0 0 0 0 0 6.97885 0 0 0 0 0 0 0 0 0 0 0 0 0 0 0 0 0 0 0 0 0 0 0 0 0 0 0 0 0 0 0 0 6.97885 0 0 0 2.5458 
0 0 0 0 0 0 0 0 0 0 0 0 0 0 0 0 0 0 0 0 0 45.7755 0 0 5.70694 0 0 0 0 0 0 0 0 6.46889 0 0 0 0 0 0 0 0 0 0 0 0 0 0 0 
0 0 0 0 0 0 0 0 0 0 0 0 0 0 0 0 0 0 0 0 0 7.60566 0 0 0 0 0 0 0 0 0 0 0 0 0 0 7.60566 0 18.3959 0 0 0 0 0 0 0 0 0 0 
0 0 0 0 0 0 0 0 0 0 0 0 0 0 0 0 0 0 0 0 0 7.46004 39.6822 0 2.65481 0 0 0 0 0 0 0 0 0 0 0 0 5.38696 5.79305 0 0 0 0 0 0 0 0 0 0 
0 0 0 0 0 0 0 0 0 0 0 0 0 0 0 0 0 0 0 0 0 0 0 0 0 0 0 0 0 0 0 0 0 0 0 0 18.3959 5.79305 0 0 0 0 0 0 0 0 0 0 0 
0 0 0 0 0 0 0 0 0 0 0 0 0 0 0 0 0 0 0 0 0 0 0 0 0 0 0 0 0 0 0 0 0 0 0 0 0 0 0 4.57808 0 0 0 0 0 0 0 0 0 
0 0 0 0 0 0 0 0 0 0 0 0 0 0 0 0 0 0 0 0 0 0 0 0 0 0 0 0 0 0 0 0 5.2359 0 0 0 0 0 0 0 5.84673 5.36043 2.57583 0 0 0 0 0 0 
0 0 0 0 0 0 0 0 0 0 0 0 0 0 0 0 0 0 0 0 0 0 0 0 0 0 0 0 0 0 0 3.96644 3.82825 0 0 0 0 0 0 0 5.36043 7.09121 0 0 0 0 0 0 0 
0 0 0 0 0 0 0 0 0 0 0 0 0 0 0 0 0 0 0 0 0 0 0 0 0 0 0 0 0 11.9175 11.9175 0 2.61877 0 0 0 0 0 0 0 2.57583 0 0 2.62252 0 0 0 0 0 
0 0 0 0 0 0 0 0 0 0 0 0 0 0 58.9731 0 0 0 0 0 0 0 0 0 0 0 0 0 0 2.62252 2.60482 0 0 0 0 0 0 0 0 0 0 0 2.62252 0 0 0 0 0 0 
0 0 0 0 0 0 0 0 0 0 0 0 0 0 0 0 0 0 0 0 0 0 0 0 0 0 0 0 0 0 0 0 0 0 6.97885 0 0 0 0 0 0 0 0 0 0 0 0 0 2.5458 
0 0 0 0 0 0 0 0 0 0 0 0 0 0 0 0 0 0 0 0 0 0 0 0 0 0 0 0 0 0 0 0 0 0 0 0 0 0 0 0 0 0 0 0 0 6.95465 5.7807 5.7807 0 
0 0 0 0 0 0 0 0 0 0 0 40.7664 0 2.70633 0 0 0 0 0 0 0 0 0 0 0 0 0 0 0 0 0 0 0 0 0 0 0 0 0 0 0 0 0 0 0 5.7807 0 0 0 
0 0 0 0 0 0 0 0 0 0 0 35.201 0 0 2.58947 0 0 0 0 0 0 0 0 0 0 0 0 0 0 0 0 0 0 0 0 0 0 0 0 0 0 0 0 0 0 5.7807 0 18.0375 5.58597 
0 0 0 0 0 0 0 0 0 0 0 0 0 0 0 0 0 0 0 0 0 0 0 0 0 0 0 0 0 0 0 0 0 0 2.5458 0 0 0 0 0 0 0 0 0 2.5458 0 0 5.58597 0 
0 0 0 0 0 0 0 0 0 0 0 0 0 0 0 0 0 0 0 0 0 0 0 0 0 0 0 0 0 0 0 0 0 0 0 0 0 0 0 0 0 0 0 0 0 0 0 0 0 
0 0 0 0 0 0 0 0 0 0 0 0 0 0 0 0 0 0 0 0 0 0 0 0 0 0 0 0 0 0 0 0 0 0 0 0 0 0 0 0 0 0 0 0 0 0 0 0 0 
0 0 0 0 0 0 0 0 0 0 0 0 0 0 0 0 0 0 0 0 0 0 0 0 0 0 0 0 0 0 0 0 0 0 0 0 0 0 0 0 0 0 0 0 0 0 0 0 0 
0 0 0 0 0 0 0 0 0 0 0 0 0 0 0 0 0 0 0 0 0 0 0 0 0 0 0 0 0 0 0 0 0 0 0 0 0 0 0 0 0 0 0 0 0 0 0 0 0 
0 0 0 0 0 0 0 0 0 0 0 0 0 0 0 0 0 0 0 0 0 0 0 0 0 0 0 0 0 0 0 0 0 0 0 0 0 0 0 0 0 0 0 0 0 0 0 0 0 
0 0 0 0 0 0 0 0 0 0 0 0 0 0 0 0 0 0 0 0 0 0 0 0 0 0 0 0 0 0 0 0 0 0 0 0 0 0 0 0 0 0 0 0 0 0 0 0 0 
0 0 0 0 0 0 0 0 0 0 0 0 0 0 0 0 0 0 0 0 0 0 0 0 0 0 0 0 0 0 0 0 0 0 0 0 0 0 0 0 0 0 0 0 0 0 0 0 0 
0 0 0 0 0 0 0 0 0 0 0 0 0 0 0 0 0 0 0 0 0 0 0 0 0 0 0 0 0 0 0 0 0 0 0 0 0 0 0 0 0 0 0 0 0 0 0 0 0 
0 0 0 0 0 0 0 0 0 0 0 0 0 0 0 0 0 0 0 0 0 0 0 0 0 0 0 0 0 0 0 0 0 0 0 0 0 0 0 0 0 0 0 0 0 0 0 0 0 
0 0 0 0 0 0 0 0 0 0 0 0 0 0 0 0 0 0 0 0 0 0 0 0 0 0 0 0 0 0 0 0 0 0 0 0 0 0 0 0 0 0 0 0 0 0 0 0 0 
0 0 0 0 0 0 0 0 0 0 0 0 0 0 0 0 0 0 0 0 0 0 0 0 0 0 0 0 0 0 0 0 0 0 0 0 0 0 0 0 0 0 0 0 0 0 0 0 0 
0 0 0 0 0 0 0 0 0 0 0 0 0 0 0 0 0 0 0 0 0 0 0 0 0 0 0 0 0 0 0 0 0 0 0 0 0 0 0 0 0 0 0 0 0 0 0 0 0 
0 0 0 0 0 0 0 0 0 0 0 0 0 0 0 0 0 0 0 0 0 0 0 0 0 0 0 0 0 0 0 0 0 0 0 0 0 0 0 0 0 0 0 0 0 0 0 0 0 
0 0 0 0 0 0 0 0 0 0 0 0 0 0 0 0 0 0 0 0 0 0 0 0 0 0 0 0 0 0 0 0 0 0 0 0 0 0 0 0 0 0 0 0 0 0 0 0 0 
0 0 0 0 0 0 0 0 0 0 0 0 0 0 0 0 0 0 0 0 0 0 0 0 0 0 0 0 0 0 0 0 0 0 0 0 0 0 0 0 0 0 0 0 0 0 0 0 0 
0 0 0 0 0 0 0 0 0 0 0 0 0 0 0 0 0 0 0 0 0 0 0 0 0 0 0 0 0 0 0 0 0 0 0 0 0 0 0 0 0 0 0 0 0 0 0 0 0 
0 0 0 0 0 0 0 0 0 0 0 0 0 0 0 0 0 0 0 0 0 0 0 0 0 0 0 0 0 0 0 0 0 0 0 0 0 0 0 0 0 0 0 0 0 0 0 0 0 
0 0 0 0 0 0 0 0 0 0 0 0 0 0 0 0 0 0 0 0 0 0 0 0 0 0 0 0 0 0 0 0 0 0 0 0 0 0 0 0 0 0 0 0 0 0 0 0 0 
0 0 0 0 0 0 0 0 0 0 0 0 0 0 0 0 0 0 0 0 0 0 0 0 0 0 0 0 0 0 0 0 0 0 0 0 0 0 0 0 0 0 0 0 0 0 0 0 0 
0 0 0 0 0 0 0 0 0 0 0 0 0 0 0 0 0 0 0 0 0 0 0 0 0 0 0 0 0 0 0 0 0 0 0 0 0 0 0 0 0 0 0 0 0 0 0 0 0 
0 0 0 0 0 0 0 0 0 0 0 0 0 0 0 0 0 0 0 0 0 0 0 0 0 0 0 0 0 0 0 0 0 0 0 0 0 0 0 0 0 0 0 0 0 0 0 0 0 
0 0 0 0 0 0 0 0 0 0 0 0 0 0 0 0 0 0 0 0 0 0 0 0 0 0 0 0 0 0 0 0 0 0 0 0 0 0 0 0 0 0 0 0 0 0 0 0 0 
0 0 0 0 0 0 0 0 0 0 0 0 0 0 0 0 0 0 0 0 0 0 0 0 0 0 0 0 0 0 0 0 0 0 0 0 0 0 0 0 0 0 0 0 0 0 0 0 0 
0 0 0 0 0 0 0 0 0 0 0 0 0 0 0 0 0 0 0 0 0 0 0 0 0 0 0 0 0 0 0 0 0 0 0 0 0 0 0 0 0 0 0 0 0 0 0 0 0 
0 0 0 0 0 0 0 0 0 0 0 0 0 0 0 0 0 0 0 0 0 0 0 0 0 0 0 0 0 0 0 0 0 0 0 0 0 0 0 0 0 0 0 0 0 0 0 0 0 
0 0 0 0 0 0 0 0 0 0 0 0 0 0 0 0 0 0 0 0 0 0 0 0 0 0 0 0 0 0 0 0 0 0 0 0 0 0 0 0 0 0 0 0 0 0 0 0 0 
0 0 0 0 0 0 0 0 0 0 0 0 0 0 0 0 0 0 0 0 0 0 0 0 0 0 0 0 0 0 0 0 0 0 0 0 0 0 0 0 0 0 0 0 0 0 0 0 0 
0 0 0 0 0 0 0 0 0 0 0 0 0 0 0 0 0 0 0 0 0 0 0 0 0 0 0 0 0 0 0 0 0 0 0 0 0 0 0 0 0 0 0 0 0 0 0 0 0 
0 0 0 0 0 0 0 0 0 0 0 0 0 0 0 0 0 0 0 0 0 0 0 0 0 0 0 0 0 0 0 0 0 0 0 0 0 0 0 0 0 0 0 0 0 0 0 0 0 
0 0 0 0 0 0 0 0 0 0 0 0 0 0 0 0 0 0 0 0 0 0 0 0 0 0 0 0 0 0 0 0 0 0 0 0 0 0 0 0 0 0 0 0 0 0 0 0 0 
0 0 0 0 0 0 0 0 0 0 0 0 0 0 0 0 0 0 0 0 0 0 0 0 0 0 0 0 0 0 0 0 0 0 0 0 0 0 0 0 0 0 0 0 0 0 0 0 0 
0 0 0 0 0 0 0 0 0 0 0 0 0 0 0 0 0 0 0 0 0 0 0 0 0 0 0 0 0 0 0 0 0 0 0 0 0 0 0 0 0 0 0 0 0 0 0 0 0 
0 0 0 0 0 0 0 0 0 0 0 0 0 0 0 0 0 0 0 0 0 0 0 0 0 0 0 0 0 0 0 0 0 0 0 0 0 0 0 0 0 0 0 0 0 0 0 0 0 
0 0 0 0 0 0 0 0 0 0 0 0 0 0 0 0 0 0 0 0 0 0 0 0 0 0 0 0 0 0 0 0 0 0 0 0 0 0 0 0 0 0 0 0 0 0 0 0 0 
0 0 0 0 0 0 0 0 0 0 0 0 0 0 0 0 0 0 0 0 0 0 0 0 0 0 0 0 0 0 0 0 0 0 0 0 0 0 0 0 0 0 0 0 0 0 0 0 0 
0 0 0 0 0 0 0 0 0 0 0 0 0 0 0 0 0 0 0 0 0 0 0 0 0 0 0 0 0 0 0 0 0 0 0 0 0 0 0 0 0 0 0 0 0 0 0 0 0 
0 0 0 0 0 0 0 0 0 0 0 0 0 0 0 0 0 0 0 0 0 0 0 0 0 0 0 0 0 0 0 0 0 0 0 0 0 0 0 0 0 0 0 0 0 0 0 0 0 
0 0 0 0 0 0 0 0 0 0 0 0 0 0 0 0 0 0 0 0 0 0 0 0 0 0 0 0 0 0 0 0 0 0 0 0 0 0 0 0 0 0 0 0 0 0 0 0 0 
0 0 0 0 0 0 0 0 0 0 0 0 0 0 0 0 0 0 0 0 0 0 0 0 0 0 0 0 0 0 0 0 0 0 0 0 0 0 0 0 0 0 0 0 0 0 0 0 0 
0 0 0 0 0 0 0 0 0 0 0 0 0 0 0 0 0 0 0 0 0 0 0 0 0 0 0 0 0 0 0 0 0 0 0 0 0 0 0 0 0 0 0 0 0 0 0 0 0 
0 0 0 0 0 0 0 0 0 0 0 0 0 0 0 0 0 0 0 0 0 0 0 0 0 0 0 0 0 0 0 0 0 0 0 0 0 0 0 0 0 0 0 0 0 0 0 0 0 
0 0 0 0 0 0 0 0 0 0 0 0 0 0 0 0 0 0 0 0 0 0 0 0 0 0 0 0 0 0 0 0 0 0 0 0 0 0 0 0 0 0 0 0 0 0 0 0 0 
0 0 0 0 0 0 0 0 0 0 0 0 0 0 0 0 0 0 0 0 0 0 0 0 0 0 0 0 0 0 0 0 0 0 0 0 0 0 0 0 0 0 0 0 0 0 0 0 0 
0 0 0 0 0 0 0 0 0 0 0 0 0 0 0 0 0 0 0 0 0 0 0 0 0 0 0 0 0 0 0 0 0 0 0 0 0 0 0 0 0 0 0 0 0 0 0 0 0 
0 0 0 0 0 0 0 0 0 0 0 0 0 0 0 0 0 0 0 0 0 0 0 0 0 0 0 0 0 0 0 0 0 0 0 0 0 0 0 0 0 0 0 0 0 0 0 0 0 
0 0 0 0 0 0 0 0 0 0 0 0 0 0 0 0 0 0 0 0 0 0 0 0 0 0 0 0 0 0 0 0 0 0 0 0 0 0 0 0 0 0 0 0 0 0 0 0 0 
0 0 0 0 0 0 0 0 0 0 0 0 0 0 0 0 0 0 0 0 0 0 0 0 0 0 0 0 0 0 0 0 0 0 0 0 0 0 0 0 0 0 0 0 0 0 0 0 0 
0 0 0 0 0 0 0 0 0 0 0 0 0 0 0 0 0 0 0 0 0 0 0 0 0 0 0 0 0 0 0 0 0 0 0 0 0 0 0 0 0 0 0 0 0 0 0 0 0 
0 0 0 0 0 0 0 0 0 0 0 0 0 0 0 0 0 0 0 0 0 0 0 0 0 0 0 0 0 0 0 0 0 0 0 0 0 0 0 0 0 0 0 0 0 0 0 0 0 
0 7.1175 0 0 0 0 0 0 0 0 0 0 0 0 0 0 0 0 0 0 0 0 0 0 0 0 0 0 0 0 0 0 0 0 0 0 0 0 0 0 0 0 0 0 0 0 0 0 0 
7.1175 0 0 7.39854 7.39854 0 0 0 0 0 0 0 15.6352 0 0 0 0 0 0 0 0 0 0 0 0 0 0 0 0 0 0 0 0 0 0 0 0 0 0 0 0 0 0 0 0 0 0 0 0 
0 0 0 6.08095 0 0 0 0 0 4.33403 0 0 13.9615 0 0 0 0 0 0 0 0 0 0 19.3498 0 0 0 0 0 0 0 0 0 0 0 0 0 0 0 0 0 0 0 0 0 0 0 0 8.00614 
0 7.39854 6.08095 0 11.8862 0 0 0 0 0 0 0 5.67612 0 0 0 0 6.08095 0 0 0 0 0 0 0 0 0 0 0 0 0 0 0 0 0 0 0 0 0 0 0 0 0 0 0 0 0 0 18.7126 
0 7.39854 0 11.8862 0 0 12.7607 6.22267 0 0 0 0 0 0 0 0 0 0 0 0 0 0 0 0 0 0 0 0 0 0 0 0 0 0 0 0 0 0 0 0 0 0 0 0 0 0 0 0 0 
0 0 0 0 0 7.87053 4.37293 0 0 0 0 0 0 0 0 0 0 0 0 0 6.28462 0 0 0 0 0 0 0 0 0 0 0 0 0 0 0 0 0 0 0 0 0 0 0 0 0 0 0 0 
0 0 0 0 12.7607 4.37293 0 0 0 0 0 0 0 0 0 0 0 0 2.52727 7.57802 5.93987 0 0 0 0 0 0 0 0 0 0 0 0 0 0 0 0 0 0 0 0 0 0 0 0 0 0 0 0 
0 0 0 0 6.22267 0 0 0 6.92003 0 0 0 0 0 0 0 0 0 0 7.87689 0 0 0 0 0 0 0 0 0 0 0 0 0 0 0 0 0 0 0 0 0 0 0 0 0 0 0 0 0 
0 0 0 0 0 0 0 6.92003 7.43066 7.43066 0 0 0 0 0 0 0 0 7.43066 0 0 0 0 0 0 0 0 0 0 0 0 0 0 0 0 0 0 0 0 0 0 0 0 0 0 0 0 0 0 
0 0 4.33403 0 0 0 0 0 7.43066 0 4.98136 0 0 0 0 0 18.615 5.79004 0 0 0 0 0 0 0 0 0 0 0 0 0 0 0 0 0 0 0 0 0 0 0 0 0 0 0 0 0 0 0 
0 0 0 0 0 0 0 0 0 4.98136 0 7.27229 0 0 0 0 6.56104 0 0 0 0 0 0 6.76078 0 0 0 0 0 0 0 0 0 0 0 0 0 0 0 0 0 0 0 0 0 0 0 0 6.76078 
0 0 0 0 0 0 0 0 0 0 7.27229 0 0 2.56082 0 6.58982 0 0 0 0 0 0 0 0 0 0 0 0 0 0 0 0 0 0 2.5034 0 0 0 0 0 0 0 0 0 2.56082 0 0 4.76403 0 
0 15.6352 13.9615 5.67612 0 0 0 0 0 0 0 0 0 0 0 0 0 0 0 0 0 0 0 13.9615 0 0 0 0 0 0 0 0 0 0 5.82999 0 0 0 0 0 0 0 0 0 0 0 0 0 0 
0 0 0 0 0 0 0 0 0 0 0 2.56082 0 0 18.4366 0 0 0 0 0 0 0 0 0 0 0 0 0 6.81751 0 0 0 0 0 0 0 0 0 0 0 0 0 0 0 2.5835 18.0897 5.98121 0 0 
0 0 0 0 0 0 0 0 0 0 0 0 0 18.4366 18.4366 0 0 0 0 0 0 0 0 0 0 0 0 0 7.83024 0 2.68956 0 0 0 0 0 0 0 0 0 0 0 0 0 0 0 0 0 0 
0 0 0 0 0 0 0 0 0 0 0 6.58982 0 0 0 6.62275 6.62275 6.62275 0 0 0 0 0 0 0 0 0 0 0 0 0 0 0 0 0 0 0 0 0 0 0 0 0 0 0 0 0 0 0 
0 0 0 0 0 0 0 0 0 18.615 6.56104 0 0 0 0 6.62275 0 5.79004 0 0 0 0 0 0 0 0 5.16102 0 0 0 0 0 0 0 0 0 0 0 0 0 0 0 0 0 0 0 0 0 0 
0 0 0 6.08095 0 0 0 0 0 5.79004 0 0 0 0 0 6.62275 5.79004 0 6.2667 0 0 0 0 0 5.75625 0 5.16102 0 0 0 0 0 0 0 0 0 0 0 0 0 0 0 0 0 0 0 0 0 0 
0 0 0 0 0 0 2.52727 0 7.43066 0 0 0 0 0 0 0 0 6.2667 0 5.49515 0 0 0 0 7.14552 0 0 0 0 0 0 0 0 0 0 0 0 0 0 0 0 0 0 0 0 0 0 0 0 
0 0 0 0 0 0 7.57802 7.87689 0 0 0 0 0 0 0 0 0 0 5.49515 0 0 0 18.0636 0 0 0 0 0 0 0 0 0 0 0 0 0 0 0 0 0 0 0 0 0 0 0 0 0 0 
0 0 0 0 0 6.28462 5.93987 0 0 0 0 0 0 0 0 0 0 0 0 0 0 18.5322 19.0985 0 0 0 0 0 0 0 0 0 0 0 0 0 0 0 0 0 0 0 0 0 0 0 0 0 0 
0 0 0 0 0 0 0 0 0 0 0 0 0 0 0 0 0 0 0 0 18.5322 0 6.14775 0 0 0 0 0 0 0 0 0 0 0 0 2.70212 7.60566 7.45961 0 0 0 0 0 0 0 0 0 0 0 
0 0 0 0 0 0 0 0 0 0 0 0 0 0 0 0 0 0 0 18.0636 19.0985 6.14775 19.7628 0 2.65481 0 0 0 0 0 0 0 0 0 0 0 0 39.6822 0 0 0 0 0 0 0 0 0 0 0 
0 0 19.3498 0 0 0 0 0 0 0 6.76078 0 13.9615 0 0 0 0 0 0 0 0 0 0 7.00075 0 0 0 0 0 0 0 0 0 0 7.00075 0 0 0 0 0 0 0 0 0 0 0 0 0 0 
0 0 0 0 0 0 0 0 0 0 0 0 0 0 0 0 0 5.75625 7.14552 0 0 0 2.65481 0 0 0 6.96332 0 0 0 0 0 4.50411 0 0 5.70694 0 2.65481 0 0 0 0 0 0 0 0 0 0 0 
0 0 0 0 0 0 0 0 0 0 0 0 0 0 0 0 0 0 0 0 0 0 0 0 0 0 14.5342 2.68956 0 0 0 0 3.82825 0 0 0 0 0 0 0 0 0 0 0 0 0 0 0 0 
0 0 0 0 0 0 0 0 0 0 0 0 0 0 0 0 5.16102 5.16102 0 0 0 0 0 0 6.96332 14.5342 14.5342 6.19466 0 0 0 6.10788 0 0 0 0 0 0 0 0 0 0 0 0 0 0 0 0 0 
0 0 0 0 0 0 0 0 0 0 0 0 0 0 0 0 0 0 0 0 0 0 0 0 0 2.68956 6.19466 0 0 0 2.68956 6.0031 0 0 0 0 0 0 0 0 0 0 0 0 0 0 0 0 0 
0 0 0 0 0 0 0 0 0 0 0 0 0 6.81751 7.83024 0 0 0 0 0 0 0 0 0 0 0 0 0 0 0 6.71638 0 0 0 0 0 0 0 0 0 0 0 0 4.44303 0 0 0 0 0 
0 0 0 0 0 0 0 0 0 0 0 0 0 0 0 0 0 0 0 0 0 0 0 0 0 0 0 0 0 0 5.76047 0 0 0 0 0 0 0 0 0 0 0 0 2.62252 0 0 0 0 0 
0 0 0 0 0 0 0 0 0 0 0 0 0 0 2.68956 0 0 0 0 0 0 0 0 0 0 0 0 2.68956 6.71638 5.76047 0 18.1291 0 0 0 0 0 0 0 0 0 0 18.1291 2.68956 0 0 0 0 0 
0 0 0 0 0 0 0 0 0 0 0 0 0 0 0 0 0 0 0 0 0 0 0 0 0 0 6.10788 6.0031 0 0 18.1291 0 2.61877 0 0 0 0 0 0 0 0 3.96644 0 0 0 0 0 0 0 
0 0 0 0 0 0 0 0 0 0 0 0 0 0 0 0 0 0 0 0 0 0 0 0 4.50411 3.82825 0 0 0 0 0 2.61877 0 4.46131 0 0 0 0 0 0 5.47294 3.82825 2.61877 0 0 0 0 0 0 
0 0 0 0 0 0 0 0 0 0 0 0 0 0 0 0 0 0 0 0 0 0 0 0 0 0 0 0 0 0 0 0 4.46131 0 0 6.46889 0 0 0 0 0 0 0 0 0 0 0 0 0 
0 0 0 0 0 0 0 0 0 0 0 2.5034 5.82999 0 0 0 0 0 0 0 0 0 0 7.00075 0 0 0 0 0 0 0 0 0 0 0 0 0 0 0 0 0 0 0 0 2.5034 0 0 0 5.23686 
0 0 0 0 0 0 0 0 0 0 0 0 0 0 0 0 0 0 0 0 0 2.70212 0 0 5.70694 0 0 0 0 0 0 0 0 6.46889 0 0 0 0 0 0 0 0 0 0 0 0 0 0 0 
0 0 0 0 0 0 0 0 0 0 0 0 0 0 0 0 0 0 0 0 0 7.60566 0 0 0 0 0 0 0 0 0 0 0 0 0 0 7.60566 0 10.5934 0 0 0 0 0 0 0 0 0 0 
0 0 0 0 0 0 0 0 0 0 0 0 0 0 0 0 0 0 0 0 0 7.45961 39.6822 0 2.65481 0 0 0 0 0 0 0 0 0 0 0 0 5.38696 5.79305 0 0 0 0 0 0 0 0 0 0 
0 0 0 0 0 0 0 0 0 0 0 0 0 0 0 0 0 0 0 0 0 0 0 0 0 0 0 0 0 0 0 0 0 0 0 0 10.5934 5.79305 0 0 0 0 0 0 0 0 0 0 0 
0 0 0 0 0 0 0 0 0 0 0 0 0 0 0 0 0 0 0 0 0 0 0 0 0 0 0 0 0 0 0 0 0 0 0 0 0 0 0 4.57808 0 0 0 0 0 0 0 0 0 
0 0 0 0 0 0 0 0 0 0 0 0 0 0 0 0 0 0 0 0 0 0 0 0 0 0 0 0 0 0 0 0 5.47294 0 0 0 0 0 0 0 5.84673 5.36043 2.57602 0 0 0 0 0 0 
0 0 0 0 0 0 0 0 0 0 0 0 0 0 0 0 0 0 0 0 0 0 0 0 0 0 0 0 0 0 0 3.96644 3.82825 0 0 0 0 0 0 0 5.36043 7.09121 0 0 0 0 0 0 0 
0 0 0 0 0 0 0 0 0 0 0 0 0 0 0 0 0 0 0 0 0 0 0 0 0 0 0 0 0 0 18.1291 0 2.61877 0 0 0 0 0 0 0 2.57602 0 0 2.62252 0 0 0 0 0 
0 0 0 0 0 0 0 0 0 0 0 0 0 0 0 0 0 0 0 0 0 0 0 0 0 0 0 0 4.44303 2.62252 2.68956 0 0 0 0 0 0 0 0 0 0 0 2.62252 0 0 0 0 0 0 
0 0 0 0 0 0 0 0 0 0 0 2.56082 0 2.5835 0 0 0 0 0 0 0 0 0 0 0 0 0 0 0 0 0 0 0 0 2.5034 0 0 0 0 0 0 0 0 0 0 18.6846 0 2.5034 0 
0 0 0 0 0 0 0 0 0 0 0 0 0 18.0897 0 0 0 0 0 0 0 0 0 0 0 0 0 0 0 0 0 0 0 0 0 0 0 0 0 0 0 0 0 0 18.6846 5.99051 18.8964 34.546 0 
0 0 0 0 0 0 0 0 0 0 0 0 0 5.98121 0 0 0 0 0 0 0 0 0 0 0 0 0 0 0 0 0 0 0 0 0 0 0 0 0 0 0 0 0 0 0 18.8964 0 0 0 
0 0 0 0 0 0 0 0 0 0 0 4.76403 0 0 0 0 0 0 0 0 0 0 0 0 0 0 0 0 0 0 0 0 0 0 0 0 0 0 0 0 0 0 0 0 2.5034 34.546 0 6.84753 0 
0 0 8.00614 18.7126 0 0 0 0 0 0 6.76078 0 0 0 0 0 0 0 0 0 0 0 0 0 0 0 0 0 0 0 0 0 0 0 5.23686 0 0 0 0 0 0 0 0 0 0 0 0 0 7.90454 
150.601 7.1175 0 0 113.8 153.802 159.801 0 0 0 0 0 0 0 0 0 0 0 0 0 0 0 0 0 0 0 0 0 0 0 0 0 0 0 0 0 0 0 0 0 0 0 0 0 0 0 0 0 0 
7.1175 156.501 118.101 155.702 6.90111 152.201 0 0 0 0 0 0 15.6352 0 0 0 0 0 0 0 0 0 0 158.2 0 0 0 0 0 0 0 0 0 0 0 0 0 0 0 0 0 0 0 0 0 0 0 0 122.701 
0 118.101 159.202 6.08095 0 0 0 0 0 4.33403 0 0 164.662 0 0 0 0 0 0 0 0 0 0 19.3498 0 0 0 0 0 0 0 0 0 0 0 0 0 0 0 0 0 0 0 0 0 0 0 0 8.10861 
0 155.702 6.08095 151.302 11.8853 0 0 123.821 136.5 0 0 0 5.67612 0 0 0 0 157.382 0 0 0 0 0 0 0 0 0 0 0 0 0 0 0 0 0 0 0 0 0 0 0 0 0 0 0 0 0 0 141.413 
113.8 6.90111 0 11.8853 155.701 144.601 128.262 18.1818 134.401 0 0 0 0 0 0 0 0 0 0 0 0 0 0 0 0 0 0 0 0 0 0 0 0 0 0 0 0 0 0 0 0 0 0 0 0 0 0 0 0 
153.802 152.201 0 0 144.601 161.671 4.37293 0 0 0 0 0 157.501 0 0 0 0 0 0 0 77.2855 0 0 0 0 0 0 0 0 0 0 0 0 0 0 0 0 0 0 0 0 0 0 0 0 0 0 0 0 
159.801 0 0 0 128.262 4.37293 159.001 155.802 119.701 0 0 0 0 0 0 0 0 0 158.329 132.479 5.93987 0 0 0 0 0 0 0 0 0 0 0 0 0 0 0 0 0 0 0 0 0 0 0 0 0 0 0 0 
0 0 0 123.821 18.1818 0 155.802 155.401 9.30118 0 0 0 0 0 0 0 0 0 143.1 12.5959 137.5 0 0 0 0 0 0 0 0 0 0 0 0 0 0 0 0 0 0 0 0 0 0 0 0 0 0 0 0 
0 0 0 136.5 134.401 0 119.701 9.30118 164.108 9.00748 0 0 0 0 0 0 0 155.101 163.011 0 0 0 0 0 0 0 0 0 0 0 0 0 0 0 0 0 0 0 0 0 0 0 0 0 0 0 0 0 0 
0 0 4.33403 0 0 0 0 0 9.00748 144.302 4.98164 0 0 0 0 0 154.616 7.07127 0 0 0 0 0 0 0 0 0 0 0 0 0 0 0 0 0 0 0 0 0 0 0 0 0 0 0 0 0 0 0 
0 0 0 0 0 0 0 0 0 4.98164 156.3 7.27229 0 0 0 152.701 6.56104 154.001 0 0 0 0 0 159.262 0 0 0 0 0 0 0 0 0 0 0 0 0 0 0 0 0 0 0 0 0 0 0 0 6.76078 
0 0 0 0 0 0 0 0 0 0 7.27229 150.002 0 7.49361 88.6004 6.9379 0 0 0 0 0 0 0 0 0 0 0 0 144.601 0 0 0 0 0 156.804 0 0 0 0 0 0 0 0 0 152.562 0 132.101 4.76403 158.8 
0 15.6352 164.662 5.67612 0 157.501 0 0 0 0 0 0 154.901 0 0 0 0 0 0 0 0 0 0 13.9615 0 0 0 0 0 0 0 0 0 0 103.512 0 0 0 0 0 0 0 0 0 0 0 0 0 0 
0 0 0 0 0 0 0 0 0 0 0 7.49361 0 153.901 18.4366 154.2 142.9 0 0 0 0 0 0 0 0 0 0 0 91.4882 0 0 0 0 0 0 0 0 0 0 0 0 0 0 0 150.684 91.0901 5.98121 144.351 0 
0 0 0 0 0 0 0 0 0 0 0 88.6004 0 18.4366 168.837 154.5 153.5 0 0 0 0 0 0 0 0 0 123.6 133.9 7.83024 0 133.091 0 0 0 0 0 0 0 0 0 0 0 0 0 0 0 0 0 0 
0 0 0 0 0 0 0 0 0 0 152.701 6.9379 0 154.2 154.5 173.29 173.291 161.623 0 0 0 0 0 0 0 0 0 157.7 151.7 0 0 0 0 0 0 0 0 0 0 0 0 0 0 0 0 0 0 0 0 
0 0 0 0 0 0 0 0 0 154.616 6.56104 0 0 142.9 153.5 173.291 153.801 18.2882 0 0 0 0 0 0 0 0 5.16102 121.701 156.902 0 0 0 0 0 0 0 0 0 0 0 0 0 0 0 0 0 0 0 0 
0 0 0 157.382 0 0 0 0 155.101 7.07127 154.001 0 0 0 0 161.623 18.2882 155.201 19.1571 123.8 0 0 0 0 74.5569 152.702 157.262 0 0 0 0 0 0 0 0 0 0 0 0 0 0 0 0 0 0 0 0 0 0 
0 0 0 0 0 0 158.329 143.1 163.011 0 0 0 0 0 0 0 0 19.1571 149.301 5.49515 0 0 0 0 7.14552 133.3 146.48 0 0 0 0 0 0 0 0 0 0 0 0 0 0 0 0 0 0 0 0 0 0 
0 0 0 0 0 0 132.479 12.5959 0 0 0 0 0 0 0 0 0 123.8 5.49515 142.202 154.501 0 18.9251 0 118.324 0 0 0 0 0 0 0 0 0 0 0 0 0 0 0 0 0 0 0 0 0 0 0 0 
0 0 0 0 0 77.2855 5.93987 137.5 0 0 0 0 0 0 0 0 0 0 0 154.501 148.801 19.6078 101.199 0 0 0 0 0 0 0 0 0 0 0 0 0 0 0 0 0 0 0 0 0 0 0 0 0 0 
0 0 0 0 0 0 0 0 0 0 0 0 0 0 0 0 0 0 0 0 19.6078 156.101 6.14775 0 0 0 0 0 0 0 0 0 0 0 0 153.202 7.60566 82.1615 0 0 0 0 0 0 0 0 0 0 0 
0 0 0 0 0 0 0 0 0 0 0 0 0 0 0 0 0 0 0 18.9251 101.199 6.14775 164.863 0 2.65481 0 0 0 0 0 0 0 0 0 0 156.201 153.001 195.883 0 0 0 0 0 0 0 0 0 0 0 
0 158.2 19.3498 0 0 0 0 0 0 0 159.262 0 13.9615 0 0 0 0 0 0 0 0 0 0 163.702 0 0 0 0 0 0 0 0 0 0 7.00075 0 0 0 0 0 0 0 0 0 0 0 0 0 159.301 
0 0 0 0 0 0 0 0 0 0 0 0 0 0 0 0 0 74.5569 7.14552 118.324 0 0 2.65481 0 154.901 152 149.664 0 0 0 0 0 158.232 159.1 0 161.856 130.701 161.855 0 0 0 0 0 0 0 0 0 0 0 
0 0 0 0 0 0 0 0 0 0 0 0 0 0 0 0 0 152.702 133.3 0 0 0 0 0 152 158.901 14.5342 175.24 0 0 134.601 93.7013 3.82825 118.001 0 0 0 0 0 0 0 0 0 0 0 0 0 0 0 
0 0 0 0 0 0 0 0 0 0 0 0 0 0 123.6 0 5.16102 157.262 146.48 0 0 0 0 0 149.664 14.5342 173.735 6.19466 0 0 134.2 7.10478 152.8 0 0 0 0 0 0 0 0 0 126.5 0 0 0 0 0 0 
0 0 0 0 0 0 0 0 0 0 0 0 0 0 133.9 157.7 121.701 0 0 0 0 0 0 0 0 175.24 6.19466 156.301 152.801 123.9 18.9394 116.266 137.1 0 0 0 0 0 0 0 0 0 0 0 0 0 0 0 0 
0 0 0 0 0 0 0 0 0 0 0 144.601 0 91.4882 7.83024 151.7 156.902 0 0 0 0 0 0 0 0 0 0 152.801 152.802 156.901 154.717 144.5 0 0 0 0 0 0 0 0 0 164.393 0 142.772 0 0 0 0 0 
0 0 0 0 0 0 0 0 0 0 0 0 0 0 0 0 0 0 0 0 0 0 0 0 0 0 0 123.9 156.901 153.302 5.76047 0 0 0 0 0 0 0 0 0 0 0 76.9004 160.123 0 0 0 0 0 
0 0 0 0 0 0 0 0 0 0 0 0 0 0 133.091 0 0 0 0 0 0 0 0 0 0 134.601 134.2 18.9394 154.717 5.76047 149.402 18.1291 0 0 0 0 0 0 0 0 0 63.8008 30.564 139.191 0 0 0 0 0 
0 0 0 0 0 0 0 0 0 0 0 0 0 0 0 0 0 0 0 0 0 0 0 0 0 93.7013 7.10478 116.266 144.5 0 18.1291 132.502 12.1606 0 0 0 0 0 0 0 0 3.96644 129.7 0 0 0 0 0 0 
0 0 0 0 0 0 0 0 0 0 0 0 0 0 0 0 0 0 0 0 0 0 0 0 158.232 3.82825 152.8 137.1 0 0 0 12.1606 157.601 4.46105 0 0 0 0 0 155.1 18.2882 158.231 123.42 0 0 0 0 0 0 
0 0 0 0 0 0 0 0 0 0 0 0 0 0 0 0 0 0 0 0 0 0 0 0 159.1 118.001 0 0 0 0 0 0 4.46105 149.1 0 19.5465 0 0 0 154.8 142.5 0 0 0 0 0 0 0 0 
0 0 0 0 0 0 0 0 0 0 0 156.804 103.512 0 0 0 0 0 0 0 0 0 0 7.00075 0 0 0 0 0 0 0 0 0 0 156.805 0 0 0 0 0 0 0 0 0 19.5771 0 0 158.7 21.3214 
0 0 0 0 0 0 0 0 0 0 0 0 0 0 0 0 0 0 0 0 0 153.202 156.201 0 161.856 0 0 0 0 0 0 0 0 19.5465 0 153.769 153.002 114.7 149.4 147.301 0 0 0 0 0 0 0 0 0 
0 0 0 0 0 0 0 0 0 0 0 0 0 0 0 0 0 0 0 0 0 7.60566 153.001 0 130.701 0 0 0 0 0 0 0 0 0 0 153.002 160.607 144.2 118.493 0 0 0 0 0 0 0 0 0 0 
0 0 0 0 0 0 0 0 0 0 0 0 0 0 0 0 0 0 0 0 0 82.1615 195.883 0 161.855 0 0 0 0 0 0 0 0 0 0 114.7 144.2 124.387 5.79305 0 0 0 0 0 0 0 0 0 0 
0 0 0 0 0 0 0 0 0 0 0 0 0 0 0 0 0 0 0 0 0 0 0 0 0 0 0 0 0 0 0 0 0 0 0 149.4 118.493 5.79305 157.102 158.001 118.775 0 0 0 0 0 0 0 0 
0 0 0 0 0 0 0 0 0 0 0 0 0 0 0 0 0 0 0 0 0 0 0 0 0 0 0 0 0 0 0 0 155.1 154.8 0 147.301 0 0 158.001 162.314 145.301 0 0 0 0 0 0 0 0 
0 0 0 0 0 0 0 0 0 0 0 0 0 0 0 0 0 0 0 0 0 0 0 0 0 0 0 0 0 0 0 0 18.2882 142.5 0 0 0 0 118.775 145.301 159.362 5.36043 86.5769 0 0 0 0 0 0 
0 0 0 0 0 0 0 0 0 0 0 0 0 0 0 0 0 0 0 0 0 0 0 0 0 0 0 0 164.393 0 63.8008 3.96644 158.231 0 0 0 0 0 0 0 5.36043 164.392 152.2 0 0 0 0 0 0 
0 0 0 0 0 0 0 0 0 0 0 0 0 0 0 0 0 0 0 0 0 0 0 0 0 0 126.5 0 0 76.9004 30.564 129.7 123.42 0 0 0 0 0 0 0 86.5769 152.2 135.9 2.62252 0 0 0 0 0 
0 0 0 0 0 0 0 0 0 0 0 0 0 0 0 0 0 0 0 0 0 0 0 0 0 0 0 0 142.772 160.123 139.191 0 0 0 0 0 0 0 0 0 0 0 2.62252 160.124 0 0 0 0 0 
0 0 0 0 0 0 0 0 0 0 0 152.562 0 150.684 0 0 0 0 0 0 0 0 0 0 0 0 0 0 0 0 0 0 0 0 19.5771 0 0 0 0 0 0 0 0 0 155.801 18.6846 0 144.505 87.0119 
0 0 0 0 0 0 0 0 0 0 0 0 0 91.0901 0 0 0 0 0 0 0 0 0 0 0 0 0 0 0 0 0 0 0 0 0 0 0 0 0 0 0 0 0 0 18.6846 154.891 18.8964 193.346 0 
0 0 0 0 0 0 0 0 0 0 0 132.101 0 5.98121 0 0 0 0 0 0 0 0 0 0 0 0 0 0 0 0 0 0 0 0 0 0 0 0 0 0 0 0 0 0 0 18.8964 159.601 156.201 0 
0 0 0 0 0 0 0 0 0 0 0 4.76403 0 144.351 0 0 0 0 0 0 0 0 0 0 0 0 0 0 0 0 0 0 0 0 158.7 0 0 0 0 0 0 0 0 0 144.505 193.346 156.201 144.351 153.9 
0 122.701 8.10861 141.413 0 0 0 0 0 0 6.76078 158.8 0 0 0 0 0 0 0 0 0 0 0 159.301 0 0 0 0 0 0 0 0 0 0 21.3214 0 0 0 0 0 0 0 0 0 87.0119 0 0 153.9 146.201 
150.601 7.1175 0 0 113.8 153.801 159.801 0 0 0 0 0 0 0 0 0 0 0 0 0 0 0 0 0 0 0 0 0 0 0 0 0 0 0 0 0 0 0 0 0 0 0 0 0 0 0 0 0 0 
7.1175 156.501 118.101 155.702 6.90111 152.201 0 0 0 0 0 0 15.6352 0 0 0 0 0 0 0 0 0 0 158.2 0 0 0 0 0 0 0 0 0 0 0 0 0 0 0 0 0 0 0 0 0 0 0 0 122.701 
0 118.101 159.202 6.08095 0 0 0 0 0 4.33403 0 0 164.662 0 0 0 0 0 0 0 0 0 0 19.3498 0 0 0 0 0 0 0 0 0 0 0 0 0 0 0 0 0 0 0 0 0 0 0 0 8.10799 
0 155.702 6.08095 151.302 11.8853 0 0 123.821 136.5 0 0 0 5.67612 0 0 0 0 157.382 0 0 0 0 0 0 0 0 0 0 0 0 0 0 0 0 0 0 0 0 0 0 0 0 0 0 0 0 0 0 141.413 
113.8 6.90111 0 11.8853 155.701 144.601 128.262 18.1818 133.701 0 0 0 0 0 0 0 0 0 0 0 0 0 0 0 0 0 0 0 0 0 0 0 0 0 0 0 0 0 0 0 0 0 0 0 0 0 0 0 0 
153.801 152.201 0 0 144.601 161.671 4.37293 0 0 0 0 0 157.501 0 0 0 0 0 0 0 77.2855 0 0 0 0 0 0 0 0 0 0 0 0 0 0 0 0 0 0 0 0 0 0 0 0 0 0 0 0 
159.801 0 0 0 128.262 4.37293 159.001 155.802 119.701 0 0 0 0 0 0 0 0 0 158.329 132.479 5.93987 0 0 0 0 0 0 0 0 0 0 0 0 0 0 0 0 0 0 0 0 0 0 0 0 0 0 0 0 
0 0 0 123.821 18.1818 0 155.802 155.401 9.30118 0 0 0 0 0 0 0 0 0 143.1 17.9986 137.5 0 0 0 0 0 0 0 0 0 0 0 0 0 0 0 0 0 0 0 0 0 0 0 0 0 0 0 0 
0 0 0 136.5 133.701 0 119.701 9.30118 164.108 9.00748 0 0 0 0 0 0 0 155.101 163.011 0 0 0 0 0 0 0 0 0 0 0 0 0 0 0 0 0 0 0 0 0 0 0 0 0 0 0 0 0 0 
0 0 4.33403 0 0 0 0 0 9.00748 144.303 4.98136 0 0 0 0 0 154.616 7.07127 0 0 0 0 0 0 0 0 0 0 0 0 0 0 0 0 0 0 0 0 0 0 0 0 0 0 0 0 0 0 0 
0 0 0 0 0 0 0 0 0 4.98136 156.3 7.01951 0 0 0 152.701 6.56104 154.001 0 0 0 0 0 159.262 0 0 0 0 0 0 0 0 0 0 0 0 0 0 0 0 0 0 0 0 0 0 0 0 6.76078 
0 0 0 0 0 0 0 0 0 0 7.01951 150.003 0 7.49361 88.6004 6.9379 0 0 0 0 0 0 0 0 0 0 0 0 144.602 0 0 0 0 0 156.804 0 0 0 0 0 0 0 0 0 152.562 0 132.101 4.76403 158.8 
0 15.6352 164.662 5.67612 0 157.501 0 0 0 0 0 0 154.901 0 0 0 0 0 0 0 0 0 0 13.9615 0 0 0 0 0 0 0 0 0 0 102.247 0 0 0 0 0 0 0 0 0 0 0 0 0 0 
0 0 0 0 0 0 0 0 0 0 0 7.49361 0 153.901 18.4366 154.2 142.9 0 0 0 0 0 0 0 0 0 0 0 79.7184 0 0 0 0 0 0 0 0 0 0 0 0 0 0 0 150.684 91.0901 5.98086 144.35 0 
0 0 0 0 0 0 0 0 0 0 0 88.6004 0 18.4366 168.838 154.5 153.5 0 0 0 0 0 0 0 0 0 123.6 133.9 7.83024 0 133.09 0 0 0 0 0 0 0 0 0 0 0 0 0 0 0 0 0 0 
0 0 0 0 0 0 0 0 0 0 152.701 6.9379 0 154.2 154.5 173.29 173.29 161.623 0 0 0 0 0 0 0 0 0 157.7 151.7 0 0 0 0 0 0 0 0 0 0 0 0 0 0 0 0 0 0 0 0 
0 0 0 0 0 0 0 0 0 154.616 6.56104 0 0 142.9 153.5 173.29 153.801 18.2882 0 0 0 0 0 0 0 0 5.16102 121.701 156.902 0 0 0 0 0 0 0 0 0 0 0 0 0 0 0 0 0 0 0 0 
0 0 0 157.382 0 0 0 0 155.101 7.07127 154.001 0 0 0 0 161.623 18.2882 155.201 19.1571 123.8 0 0 0 0 74.5569 152.701 157.262 0 0 0 0 0 0 0 0 0 0 0 0 0 0 0 0 0 0 0 0 0 0 
0 0 0 0 0 0 158.329 143.1 163.011 0 0 0 0 0 0 0 0 19.1571 149.301 5.49515 0 0 0 0 7.14552 133.3 146.48 0 0 0 0 0 0 0 0 0 0 0 0 0 0 0 0 0 0 0 0 0 0 
0 0 0 0 0 0 132.479 17.9986 0 0 0 0 0 0 0 0 0 123.8 5.49515 142.202 154.501 0 18.9251 0 118.324 0 0 0 0 0 0 0 0 0 0 0 0 0 0 0 0 0 0 0 0 0 0 0 0 
0 0 0 0 0 77.2855 5.93987 137.5 0 0 0 0 0 0 0 0 0 0 0 154.501 148.801 19.6078 101.199 0 0 0 0 0 0 0 0 0 0 0 0 0 0 0 0 0 0 0 0 0 0 0 0 0 0 
0 0 0 0 0 0 0 0 0 0 0 0 0 0 0 0 0 0 0 0 19.6078 156.101 6.14775 0 0 0 0 0 0 0 0 0 0 0 0 153.202 7.60566 82.1611 0 0 0 0 0 0 0 0 0 0 0 
0 0 0 0 0 0 0 0 0 0 0 0 0 0 0 0 0 0 0 18.9251 101.199 6.14775 164.863 0 2.6546 0 0 0 0 0 0 0 0 0 0 156.201 153.001 195.883 0 0 0 0 0 0 0 0 0 0 0 
0 158.2 19.3498 0 0 0 0 0 0 0 159.262 0 13.9615 0 0 0 0 0 0 0 0 0 0 163.702 0 0 0 0 0 0 0 0 0 0 7.00075 0 0 0 0 0 0 0 0 0 0 0 0 0 159.301 
0 0 0 0 0 0 0 0 0 0 0 0 0 0 0 0 0 74.5569 7.14552 118.324 0 0 2.6546 0 154.901 152 149.664 0 0 0 0 0 158.232 159.1 0 161.855 130.701 161.855 0 0 0 0 0 0 0 0 0 0 0 
0 0 0 0 0 0 0 0 0 0 0 0 0 0 0 0 0 152.701 133.3 0 0 0 0 0 152 158.901 14.5342 175.24 0 0 134.601 93.7014 3.82825 118.001 0 0 0 0 0 0 0 0 0 0 0 0 0 0 0 
0 0 0 0 0 0 0 0 0 0 0 0 0 0 123.6 0 5.16102 157.262 146.48 0 0 0 0 0 149.664 14.5342 159.201 6.19466 0 0 134.2 7.10478 152.8 0 0 0 0 0 0 0 0 0 126.5 0 0 0 0 0 0 
0 0 0 0 0 0 0 0 0 0 0 0 0 0 133.9 157.7 121.701 0 0 0 0 0 0 0 0 175.24 6.19466 156.301 152.801 123.9 18.9394 117.452 137.1 0 0 0 0 0 0 0 0 0 0 0 0 0 0 0 0 
0 0 0 0 0 0 0 0 0 0 0 144.602 0 79.7184 7.83024 151.7 156.902 0 0 0 0 0 0 0 0 0 0 152.801 152.802 156.901 154.717 144.5 0 0 0 0 0 0 0 0 0 164.392 0 139.444 0 0 0 0 0 
0 0 0 0 0 0 0 0 0 0 0 0 0 0 0 0 0 0 0 0 0 0 0 0 0 0 0 123.9 156.901 153.302 5.76047 0 0 0 0 0 0 0 0 0 0 0 76.9004 160.124 0 0 0 0 0 
0 0 0 0 0 0 0 0 0 0 0 0 0 0 133.09 0 0 0 0 0 0 0 0 0 0 134.601 134.2 18.9394 154.717 5.76047 149.401 18.1291 0 0 0 0 0 0 0 0 0 63.8009 30.564 139.19 0 0 0 0 0 
0 0 0 0 0 0 0 0 0 0 0 0 0 0 0 0 0 0 0 0 0 0 0 0 0 93.7014 7.10478 117.452 144.5 0 18.1291 132.502 18.0245 0 0 0 0 0 0 0 0 3.96644 129.7 0 0 0 0 0 0 
0 0 0 0 0 0 0 0 0 0 0 0 0 0 0 0 0 0 0 0 0 0 0 0 158.232 3.82825 152.8 137.1 0 0 0 18.0245 157.601 4.46131 0 0 0 0 0 155.1 18.2882 158.231 123.42 0 0 0 0 0 0 
0 0 0 0 0 0 0 0 0 0 0 0 0 0 0 0 0 0 0 0 0 0 0 0 159.1 118.001 0 0 0 0 0 0 4.46131 149.1 0 19.5465 0 0 0 154.8 142.5 0 0 0 0 0 0 0 0 
0 0 0 0 0 0 0 0 0 0 0 156.804 102.247 0 0 0 0 0 0 0 0 0 0 7.00075 0 0 0 0 0 0 0 0 0 0 156.805 0 0 0 0 0 0 0 0 0 19.5771 0 0 158.7 21.3214 
0 0 0 0 0 0 0 0 0 0 0 0 0 0 0 0 0 0 0 0 0 153.202 156.201 0 161.855 0 0 0 0 0 0 0 0 19.5465 0 153.769 153.002 114.7 149.4 147.301 0 0 0 0 0 0 0 0 0 
0 0 0 0 0 0 0 0 0 0 0 0 0 0 0 0 0 0 0 0 0 7.60566 153.001 0 130.701 0 0 0 0 0 0 0 0 0 0 153.002 160.607 144.2 118.494 0 0 0 0 0 0 0 0 0 0 
0 0 0 0 0 0 0 0 0 0 0 0 0 0 0 0 0 0 0 0 0 82.1611 195.883 0 161.855 0 0 0 0 0 0 0 0 0 0 114.7 144.2 124.387 5.79305 0 0 0 0 0 0 0 0 0 0 
0 0 0 0 0 0 0 0 0 0 0 0 0 0 0 0 0 0 0 0 0 0 0 0 0 0 0 0 0 0 0 0 0 0 0 149.4 118.494 5.79305 157.102 158.001 0 0 0 0 0 0 0 0 0 
0 0 0 0 0 0 0 0 0 0 0 0 0 0 0 0 0 0 0 0 0 0 0 0 0 0 0 0 0 0 0 0 155.1 154.8 0 147.301 0 0 158.001 162.314 145.301 0 0 0 0 0 0 0 0 
0 0 0 0 0 0 0 0 0 0 0 0 0 0 0 0 0 0 0 0 0 0 0 0 0 0 0 0 0 0 0 0 18.2882 142.5 0 0 0 0 0 145.301 159.362 5.36043 86.5769 0 0 0 0 0 0 
0 0 0 0 0 0 0 0 0 0 0 0 0 0 0 0 0 0 0 0 0 0 0 0 0 0 0 0 164.392 0 63.8009 3.96644 158.231 0 0 0 0 0 0 0 5.36043 164.392 152.2 0 0 0 0 0 0 
0 0 0 0 0 0 0 0 0 0 0 0 0 0 0 0 0 0 0 0 0 0 0 0 0 0 126.5 0 0 76.9004 30.564 129.7 123.42 0 0 0 0 0 0 0 86.5769 152.2 135.9 2.62252 0 0 0 0 0 
0 0 0 0 0 0 0 0 0 0 0 0 0 0 0 0 0 0 0 0 0 0 0 0 0 0 0 0 139.444 160.124 139.19 0 0 0 0 0 0 0 0 0 0 0 2.62252 160.124 0 0 0 0 0 
0 0 0 0 0 0 0 0 0 0 0 152.562 0 150.684 0 0 0 0 0 0 0 0 0 0 0 0 0 0 0 0 0 0 0 0 19.5771 0 0 0 0 0 0 0 0 0 155.801 18.6846 0 144.505 87.0122 
0 0 0 0 0 0 0 0 0 0 0 0 0 91.0901 0 0 0 0 0 0 0 0 0 0 0 0 0 0 0 0 0 0 0 0 0 0 0 0 0 0 0 0 0 0 18.6846 154.891 18.8964 193.349 0 
0 0 0 0 0 0 0 0 0 0 0 132.101 0 5.98086 0 0 0 0 0 0 0 0 0 0 0 0 0 0 0 0 0 0 0 0 0 0 0 0 0 0 0 0 0 0 0 18.8964 159.601 156.201 0 
0 0 0 0 0 0 0 0 0 0 0 4.76403 0 144.35 0 0 0 0 0 0 0 0 0 0 0 0 0 0 0 0 0 0 0 0 158.7 0 0 0 0 0 0 0 0 0 144.505 193.349 156.201 144.351 153.9 
0 122.701 8.10799 141.413 0 0 0 0 0 0 6.76078 158.8 0 0 0 0 0 0 0 0 0 0 0 159.301 0 0 0 0 0 0 0 0 0 0 21.3214 0 0 0 0 0 0 0 0 0 87.0122 0 0 153.9 123.402 
